1.403210885	0.1717378995	0.6065368217
1.403170478	0.1715560797	0.6368706441
1.403269777	0.1708831761	0.6932622322
1.40380365	0.169080071	0.7729714191
1.403420422	0.1690419434	0.8222595172
1.401430319	0.1679070493	0.8452455034
1.398190715	0.1657428869	0.8442157592
1.396072731	0.1660285473	0.843011482
1.390647082	0.1669883418	0.8432209215
1.39213704	0.1706127128	0.8449313442
1.392053641	0.1728173058	0.8462752477
1.39027501	0.1742825133	0.84671158
1.391529973	0.1769551181	0.8463799675
1.390879443	0.1796731391	0.8471828189
1.392965556	0.1841861612	0.8476191512
1.393342489	0.1846777321	0.848020577
1.395535833	0.1844198011	0.8463276076
1.391386628	0.1804183992	0.8435874407
1.39891416	0.1761391856	0.8381245601
1.400318622	0.1715925371	0.8327314927
1.40288282	0.1667144164	0.8280016504
1.404834046	0.166647013	0.8269719062
1.40490361	0.1679569956	0.8273733319
1.405480604	0.172103235	0.8282634498
1.405917261	0.175798599	0.8280540103
1.406636963	0.1799209629	0.8280889169
1.407557824	0.182546462	0.8277573043
1.408367329	0.1823084127	0.8268846397
1.408983196	0.1802364045	0.8253312967
1.409448343	0.1791558953	0.8241095662
1.408836131	0.1833559194	0.8250171374
1.408679619	0.1913522371	0.8272337056
1.408352688	0.2029229128	0.8312828694
1.407026566	0.2097403322	0.8343546489
1.405751702	0.2129451724	0.8366759368
1.405749185	0.2124326534	0.8373915218
1.4059731	0.211525347	0.8373915218
1.407186935	0.2091340022	0.836152338
1.408216189	0.2067877808	0.8335692508
1.408008063	0.2046592091	0.8304102048
1.407695067	0.2042003417	0.828036557
1.407503105	0.205450239	0.8276351313
1.406940547	0.2076908267	0.8287695953
1.405926238	0.2104430422	0.8302356719
1.405044192	0.2130794699	0.830480018
1.404353115	0.2156407482	0.8287695953
1.404647521	0.2162420535	0.8256803625
1.404398558	0.2135880008	0.8219453579
1.403571271	0.2087266096	0.8186466856
1.404456054	0.2047212069	0.8159937852
1.405410517	0.1982064103	0.8121889674
1.407038052	0.1900218723	0.8073020455
1.408333466	0.1808395622	0.8013330195
1.40954081	0.178038633	0.7984881328
1.409091228	0.1791325661	0.797964534
1.408783848	0.182258332	0.7984183196
1.409393509	0.1774497193	0.7938630103
1.410098781	0.1698365401	0.7891506213
1.411193764	0.1567234487	0.781558439
1.411908016	0.1511372568	0.7783644865
1.413863254	0.1410105185	0.7710341037
1.414130388	0.1435791511	0.7707199444
1.411860217	0.1499271321	0.7730412323
1.409124924	0.1664018349	0.7822565707
1.408217391	0.1774210522	0.7885746626
1.405776569	0.1840845872	0.7941597162
1.406414048	0.1880233382	0.7981565202
1.406141644	0.1884321802	0.8010537668
1.405462781	0.1852040189	0.8002858219
1.405302984	0.1816603312	0.7974758418
1.404438955	0.180235999	0.7960272185
1.402859216	0.1845414918	0.7981216136
1.400854677	0.1904280404	0.802083511
1.399099836	0.1949026071	0.8057836091
1.398587931	0.1964520779	0.8077558311
1.399055023	0.195921975	0.8087332155
1.399721514	0.1948395767	0.8085586826
1.400666735	0.1933674382	0.806673727
1.402622596	0.1925244818	0.8030085356
1.402117467	0.1904955553	0.7988895585
1.401564455	0.1898410518	0.7964460976
1.40037468	0.1909473171	0.7965682706
1.399519679	0.1952451219	0.7995353303
1.39834492	0.2010425308	0.8039161068
1.397795178	0.2060397316	0.8081921634
1.397013223	0.2052660737	0.8104087316
1.396747393	0.2006114174	0.8096233334
1.396351769	0.193377902	0.8056439827
1.398521056	0.187126425	0.8000240225
1.403259393	0.1850010522	0.7946658617
1.405134684	0.1836778457	0.7918035218
1.406690642	0.1859485528	0.7906166979
1.407343018	0.1891943177	0.7904072584
1.407487528	0.1926645212	0.790145459
1.408270908	0.1959750326	0.789970926
1.408618811	0.1988263368	0.7899011129
1.41020763	0.1998463891	0.7886968357
1.41220313	0.1994522109	0.7868118801
1.41368745	0.1978770143	0.7837575539
1.414180675	0.1972431244	0.7812617331
1.414877764	0.1979534208	0.7795687637
1.415868874	0.2001434677	0.7804937882
1.417003378	0.2040048591	0.7833212216
1.4167753	0.2080962207	0.7871434926
1.41689844	0.2116314824	0.7895345937
1.416954142	0.2142622111	0.7919606014
1.417151453	0.2153971934	0.7945436887
1.419190294	0.2162030875	0.7981739735
1.420798181	0.2151976277	0.7996400501
1.422730429	0.2136990966	0.7999367561
1.42501028	0.2139619072	0.7994131573
1.426571684	0.2157142662	0.800111289
1.42763512	0.2184765685	0.8011759398
1.428351445	0.2214981473	0.8027118296
1.428935096	0.2243976906	0.8044746121
1.428584734	0.2271949411	0.8077383778
1.429460655	0.2295131025	0.8118748082
1.430398945	0.2306053671	0.8157145325
1.43178552	0.2301045888	0.8163777576
1.434186872	0.2277992455	0.8136899506
1.433130761	0.2243825083	0.809780413
1.437411475	0.2224642072	0.8073544054
1.439535324	0.2245705673	0.8075638449
1.443490394	0.2286937983	0.8091520945
1.4464112	0.2326830372	0.8103912783
1.448357021	0.234502285	0.8099200394
1.450558676	0.2335561846	0.807808191
1.453302104	0.232912306	0.8052774636
1.454034685	0.2332721032	0.8033052415
1.453750074	0.2345076614	0.8022754973
1.454071471	0.2336854701	0.8015773656
1.451081538	0.2318573843	0.8005476213
1.45044002	0.2304044823	0.7986626657
1.44751511	0.2304273189	0.7971616826
1.445799832	0.2334809577	0.7973711221
1.443862999	0.238675283	0.7999367561
1.444183909	0.2430100645	0.8032354284
1.444270259	0.2435484559	0.8049807576
1.445972282	0.240841865	0.8041255463
1.44808118	0.2367829179	0.8012632063
1.4494737	0.2339678181	0.7984532262
1.450788084	0.2338678027	0.7961319383
1.452367966	0.2352564552	0.7955385264
1.45260032	0.234417407	0.795276727
1.452390158	0.233760295	0.7970395095
1.451874756	0.2344224843	0.7991688112
1.451137066	0.2370985692	0.8025896565
1.451529833	0.240553378	0.8036717607
1.451452494	0.240404238	0.8020660578
1.451872756	0.2363816315	0.7971791358
1.452775157	0.230557367	0.7924667469
1.454042975	0.2263238337	0.789970926
1.454601824	0.2247630157	0.7906341512
1.45E+00	0.226080629	0.7929728924
1.453866672	0.2293749608	0.7956257928
1.453506944	0.2331923436	0.7973885754
1.452051311	0.2359749547	0.797964534
1.451415523	0.2368609116	0.7973885754
1.451045892	0.2356385494	0.7965682706
1.451800429	0.2327124924	0.795817779
1.453347105	0.2285089644	0.7951371006
1.454906954	0.2233874538	0.7937582905
1.456517622	0.2194427185	0.7921351343
1.455727688	0.2189066862	0.7912624697
1.454814074	0.2219995574	0.791820975
1.45423891	0.2260503634	0.7934092247
1.454444099	0.2287826862	0.7947531282
1.455486987	0.2300124694	0.7955385264
1.456072326	0.228641758	0.7961319383
1.458720388	0.2258646545	0.7964286443
1.459934328	0.2223805915	0.7960970317
1.461327181	0.2199559322	0.7941597162
1.461299683	0.2173379712	0.7923271205
1.458795078	0.2184707941	0.7920827744
1.457705815	0.2220583671	0.7946658617
1.45663406	0.2264305415	0.7992560777
1.456153116	0.229940237	0.8037764804
1.454889175	0.2312599321	0.8067086336
1.454399366	0.2301912381	0.8067435401
1.452806432	0.2264064387	0.804649145
1.451300524	0.2221906936	0.801664632
1.451737159	0.2191685707	0.7993084375
1.451714591	0.2177328417	0.7984706795
1.453459595	0.2177497076	0.7988546519
1.454112386	0.2192176725	0.8003556351
1.453314176	0.2202189149	0.8016297254
1.452085904	0.2200911196	0.8021358709
1.45360499	0.2235493488	0.8006523411
1.454538208	0.2233607122	0.7975805616
1.455891148	0.2211125509	0.7933568648
1.459327718	0.219452835	0.7899883793
1.460836406	0.218027487	0.7887666489
1.462479312	0.2207890186	0.7904247116
1.463960304	0.2237415295	0.7933045049
1.463474488	0.2273604516	0.795992312
1.464144854	0.2297952316	0.7976503747
1.464589537	0.232643891	0.7994829705
1.465389907	0.2340696204	0.801664632
1.467723228	0.2352064509	0.8037241205
1.469041207	0.2337325324	0.8044571588
1.472196906	0.2277880133	0.8024500302
1.47563263	0.2180314233	0.7985928525
1.479371836	0.2084267369	0.7937931971
1.481753622	0.2049513745	0.7917511619
1.482338223	0.2060220216	0.7923620271
1.482881992	0.2106512625	0.7950149276
1.483877808	0.2136909445	0.7965682706
1.485001404	0.2138940776	0.7964286443
1.485932622	0.2122458048	0.7952418204
1.487377231	0.2117784894	0.7947880348
1.48872156	0.2117788231	0.7952418204
1.490284988	0.2118784817	0.7958003257
1.491687042	0.2111361765	0.7952418204
1.492719854	0.2109892195	0.7944215156
1.492896163	0.2117620867	0.7942469827
1.492998358	0.2149053785	0.7957479659
1.491617196	0.2190445447	0.79826124
1.491379406	0.2235183928	0.8012632063
1.489840294	0.2271629277	0.8036368541
1.490904793	0.2306989771	0.8045967852
1.501950318	0.2329671589	0.8037764804
1.502018746	0.2343766386	0.8020136979
1.505035204	0.2346624575	0.8011759398
1.506243716	0.2350841015	0.8018740715
1.506731701	0.2372903964	0.8039161068
1.507615441	0.2383574964	0.8064119276
1.507381744	0.2404822145	0.8089601083
1.507970724	0.2442805733	0.8114908357
1.508949634	0.2473482008	0.8135154176
1.509610203	0.2495872689	0.8154178265
1.510435639	0.2492872583	0.8161857714
1.510625158	0.2456119688	0.8158367056
1.512030065	0.2424954799	0.8139168434
1.511158978	0.2417956692	0.8116653686
1.511615289	0.2421018607	0.8095709735
1.510517009	0.2441742248	0.8090997346
1.50978798	0.2463786896	0.8107752507
1.509537261	0.2504949803	0.8150338541
1.510495008	0.2549843891	0.8201476688
1.512015955	0.2559030516	0.8229401956
1.514650287	0.2517882496	0.8216661053
1.516756829	0.2424228893	0.8155574529
1.518427164	0.2343747777	0.8084365095
1.52007266	0.229753089	0.8041255463
1.520263991	0.2287088075	0.8039859199
1.520215576	0.2297838819	0.807092606
1.519610945	0.2314174203	0.8081747101
1.519551865	0.2333124758	0.8085761359
1.51935922	0.2361422008	0.807511485
1.519329831	0.2387081913	0.8092568143
1.519832194	0.240145231	0.8116653686
1.519498729	0.2381755938	0.8133932446
1.520208118	0.2340839349	0.8120144345
1.521185645	0.228408094	0.8088902951
1.521225352	0.2245840995	0.8081747101
1.520240591	0.2239653937	0.8104261849
1.519067499	0.2276490182	0.8151036673
1.51675762	0.2317319783	0.8204618281
1.517651014	0.2376308983	0.8243713656
1.51703594	0.2375611183	0.8278620241
1.517804667	0.2356361934	0.82677992
1.519125196	0.2300744906	0.8236557806
1.520286134	0.2205931766	0.815801799
1.522276138	0.2083897015	0.807808191
1.522804828	0.1992843244	0.8028340026
1.523958533	0.1941854942	0.8004778081
1.523834402	0.194376927	0.8026943763
1.522630189	0.1979645516	0.8028863625
1.521558825	0.2026510453	0.805661436
1.521297097	0.2053718941	0.8048760378
1.521330047	0.2041239588	0.804649145
1.521431002	0.1989433617	0.803811387
1.520949249	0.1927163311	0.8037241205
1.521544045	0.1877223725	0.8059930486
1.522085051	0.1865825622	0.8076860179
1.522583561	0.1875394341	0.8105832645
1.521555412	0.1899313051	0.8102865585
1.519633926	0.1925539441	0.8090648281
1.519009448	0.1957074469	0.8077209245
1.518655857	0.198238286	0.8092219077
1.518947478	0.1992144653	0.8120842477
1.519262518	0.1963914778	0.8152782002
1.520016595	0.1906609305	0.8127998327
1.521416036	0.1839700302	0.8056439827
1.523872318	0.1801113193	0.7980867071
1.525748523	0.1801655915	0.795992312
1.526237895	0.1828843119	0.7989070118
1.526336539	0.1867165262	0.7995702369
1.525887885	0.1896207069	0.8012282997
1.524467211	0.1906637731	0.8042128127
1.524618912	0.1900254657	0.8088902951
1.52528257	0.1877005402	0.807808191
1.52650667	0.1843794669	0.8018042584
1.52761474	0.180389086	0.7961319383
1.528081933	0.1776094902	0.7933219582
1.528140924	0.1774129855	0.792833266
1.528438222	0.179418325	0.7923096672
1.528764895	0.1825010045	0.7935313977
1.529800023	0.1853770072	0.7952941803
1.530378017	0.1862561438	0.7970046029
1.53237875	0.1861029806	0.7977201879
1.533973945	0.184576465	0.7978598143
1.534961007	0.1829252135	0.7974060287
1.537141602	0.1802437878	0.7954687132
1.538982028	0.1766818777	0.7933917714
1.540041188	0.1743272888	0.7923271205
1.54101997	0.1748652573	0.793252145
1.541764097	0.1790217705	0.7952069138
1.541819875	0.1837155157	0.7960970317
1.542374438	0.1863590961	0.7954338066
1.542897537	0.1855154492	0.7928507193
1.544075522	0.1832205928	0.7900756458
1.546677229	0.1801453334	0.787701998
1.54907673	0.1786111414	0.7861661083
1.550837392	0.1777831473	0.7856425095
1.552072066	0.1771667545	0.7847000317
1.552984748	0.1760488469	0.7840542599
1.554714553	0.175813763	0.7836528341
1.555363968	0.1767236763	0.7856948694
1.555916776	0.1807863562	0.7888713686
1.556890461	0.1850620494	0.7915591757
1.558159648	0.1872043278	0.7915068158
1.560146398	0.1859180361	0.7889411818
1.560989388	0.1817536573	0.7853283502
1.561649856	0.1778306762	0.7826754498
1.563317318	0.1765811288	0.7816631588
1.565755456	0.1784720758	0.7822042109
1.565851647	0.1777339868	0.7825358234
1.565768166	0.1774846362	0.7822914773
1.566227854	0.1769005029	0.7815060792
1.566151405	0.1780109883	0.7820645845
1.565724515	0.1792555247	0.7842462461
1.567852327	0.1822999042	0.7871783992
1.568992053	0.1813754068	0.7885397561
1.569732497	0.1774973051	0.7872482124
1.571715247	0.1730906411	0.7837750072
1.571735033	0.1687990707	0.7800400026
1.571897925	0.1684794309	0.7783993931
1.572242566	0.1710582888	0.779586217
1.572352545	0.1747440317	0.7824660103
1.573606615	0.1770272186	0.7848047515
1.574413811	0.1761277348	0.7853632568
1.57565357	0.1738357748	0.784839658
1.576828913	0.170357213	0.7831466887
1.577782119	0.1647427939	0.7803541619
1.577413189	0.1585332613	0.7764795309
1.577175586	0.1522730698	0.7736870041
1.576857095	0.1488627141	0.7736870041
1.576768183	0.1482269545	0.7763922645
1.576092735	0.1500451339	0.7800749092
1.575162288	0.1518110936	0.7823787438
1.573536747	0.1522331719	0.7811570133
1.573158399	0.1501454774	0.7767587836
1.572907293	0.1459711437	0.7716100623
1.573386229	0.1406164174	0.7682066703
1.574733076	0.1350113757	0.7665311542
1.574622896	0.129686911	0.7643843992
1.575285355	0.1262221045	0.7629008693
1.572466929	0.1236240962	0.7626739765
1.57315914	0.1275076661	0.7651523441
1.571974042	0.1312587122	0.7678401511
1.572327068	0.1339173987	0.7702836121
1.574190731	0.135419897	0.771889315
1.575711395	0.1330274227	0.7732506718
1.574649135	0.1279033371	0.7731284988
1.574145866	0.1223939213	0.7709991971
1.573332676	0.1163019731	0.7670722063
1.573393065	0.1125473251	0.7637560807
1.572104184	0.1110211426	0.7622376442
1.57082785	0.112827167	0.763057949
1.569992344	0.1168893692	0.7656759428
1.569348703	0.1208229492	0.7693760409
1.56852327	0.122239323	0.7726921664
1.567752255	0.1195448563	0.7736346442
1.565823428	0.114354956	0.7715751557
1.567514076	0.1085414463	0.767770338
1.567208025	0.1054847322	0.7651348908
1.568265442	0.1057363786	0.7655363165
1.567614488	0.1086904472	0.7690618816
1.568004009	0.1126197132	0.7732855784
1.56827603	0.1162377191	0.7767064237
1.568400874	0.1191848806	0.7787484589
1.568864465	0.122381091	0.7797782032
1.568350681	0.1227136324	0.7794640439
1.568468028	0.1189039372	0.7763573579
1.567983272	0.1103753156	0.7712784497
1.569384581	0.1020498308	0.7659726488
1.568965598	0.09812208919	0.7640353334
1.569239142	0.1007635064	0.7655363165
1.570514214	0.07430829296	0.7686604559
1.569643245	0.08147291137	0.7702312522
1.569067709	0.08683932827	0.7699170929
1.568994927	0.08981608353	0.7680495906
1.568211572	0.09092871294	0.7666184206
1.567865518	0.09145688701	0.7657283027
1.568062208	0.09150420787	0.7657283027
1.568158116	0.09064163295	0.76544905
1.567900586	0.08991828586	0.7642971327
1.567661685	0.08999605205	0.7635815477
1.568125969	0.0916641189	0.7644716657
1.56893035	0.09580217634	0.7675259919
1.569212626	0.1003570517	0.7706501312
1.568951766	0.1028899939	0.7722383808
1.569788981	0.1023523819	0.7716275156
1.570415507	0.0986512001	0.7700741726
1.57213383	0.09433055036	0.767770338
1.573618919	0.0918087195	0.7659551955
1.574923559	0.09056973336	0.7632673885
1.575439968	0.08811752922	0.7612777131
1.57602478	0.08491555549	0.7589389719
1.576700706	0.08268994028	0.7583630133
1.577054549	0.08217170123	0.7587120791
1.576322697	0.08243383435	0.7603875952
1.576112368	0.08226325265	0.7616442323
1.576588484	0.0814310596	0.7619932981
1.577402808	0.07932118985	0.7609286473
1.578604712	0.0768961018	0.759183318
1.580728114	0.07489030871	0.7574379888
1.581994319	0.07307882972	0.7565827774
1.582485642	0.07269425919	0.7570714696
1.582629487	0.07324078485	0.7585724528
1.582284199	0.07463322362	0.7607017545
1.582932741	0.07631348002	0.7618013119
1.581846692	0.07689476428	0.7617664053
1.584782098	0.08014738517	0.760195609
1.584251646	0.07586707164	0.75834556
1.58605573	0.071571492	0.7565129643
1.587974634	0.06781635599	0.7555879398
1.58862496	0.0645140171	0.755902099
1.589302007	0.06356690765	0.7571761894
1.589688204	0.06509854843	0.7586771725
1.589287905	0.0654629675	0.759357851
1.588342512	0.06656435807	0.7603003288
1.587605124	0.06567136678	0.7617664053
1.588455053	0.06666731023	0.7644018525
1.5889996	0.06581126022	0.7655712231
1.589900166	0.06353167061	0.7645240255
1.589754239	0.05823739049	0.7608064742
1.590265442	0.05471367513	0.757333269
1.590474398	0.0530393546	0.7560417254
1.589154863	0.05491099142	0.7581884804
1.5883875	0.05866036928	0.7636688142
1.586511467	0.06236407899	0.7705105049
1.586541216	0.06379143085	0.7765842507
1.585227765	0.0640365636	0.7792196978
1.585338772	0.06265044587	0.7790800715
1.585395207	0.06053484818	0.7774220087
1.585183543	0.056988919	0.775589413
1.585784822	0.05231385414	0.7736695508
1.58546982	0.04537704116	0.7721162078
1.584276814	0.03806808263	0.7716275156
1.583207092	0.03724410521	0.7729539658
1.582969926	0.04118171915	0.7757813992
1.582912095	0.04638683672	0.7781725003
1.582423788	0.04872707855	0.7791498847
1.581398705	0.04591147385	0.777858341
1.578026833	0.03858981361	0.7771776626
1.575065839	0.03107184001	0.778032874
1.575010998	0.02802596396	0.780842854
1.573643874	0.02460655467	0.7831815952
1.57332585	0.02438858256	0.7840019
1.572491095	0.02362817711	0.7836353809
1.571446202	0.02443589108	0.7836179276
1.57110641	0.02646305733	0.7849269245
1.57058356	0.02790372968	0.7871434926
1.56949421	0.02645234531	0.7887491956
1.568340629	0.02106055816	0.787701998
1.567913547	0.0128205968	0.7835132078
1.567301539	0.004932693735	0.7778757943
1.566749234	0.0001216908815	0.7734252047
1.565809825	0.0004336710569	0.7720813012
1.564450243	0.004260497431	0.7738266305
1.562321651	0.007910702462	0.7773521955
1.561085653	0.01005806465	0.7807730409
1.561030385	0.008872054815	0.7825532767
1.559685659	0.00660285504	0.7826579965
1.562159715	0.003919594555	0.7815409858
1.561129367	-0.001039677682	0.7797956565
1.559546723	-0.005495753761	0.7779630608
1.55738598	-0.009180870066	0.7770903962
1.555960647	-0.008972778963	0.7786437392
1.554560922	-0.005520294751	0.7821343977
1.553511678	-0.00189310816	0.7859392155
1.552407802	0.0006862076829	0.7873878387
1.551347605	0.001012115757	0.7860788418
1.55104303	-0.003960475683	0.7820820378
1.551048468	-0.01083585661	0.7770729429
1.550620692	-0.01896538824	0.7720463946
1.550880615	-0.02645083574	0.7690967882
1.550447737	-0.03047082199	0.7682939367
1.550063903	-0.03154315115	0.7694109474
1.549340644	-0.03062661509	0.770877024
1.548140134	-0.02753030839	0.7725350868
1.547465809	-0.02437107866	0.773739364
1.547046206	-0.02272726426	0.7745073089
1.546719917	-0.02475561707	0.7741407897
1.546031186	-0.02894926169	0.7730761389
1.545047788	-0.03344918887	0.7715053426
1.544162299	-0.03547425452	0.770161439
1.544938266	-0.03566342841	0.768730269
1.545119673	-0.03506442976	0.7671943793
1.543615501	-0.03566967617	0.7658330225
1.543424043	-0.03451170782	0.7661820883
1.543866968	-0.03182170234	0.7682590301
1.544222215	-0.02869471229	0.7712435432
1.544488419	-0.02791835412	0.7722558341
1.543982882	-0.03042765845	0.7709642905
1.544018297	-0.03372974156	0.7682415769
1.544540314	-0.03893242984	0.766164635
1.544885086	-0.04012589885	0.7658853824
1.545006666	-0.03917882476	0.7669151266
1.544849463	-0.03656472326	0.7684859229
1.544613636	-0.03468529042	0.7686604559
1.544528467	-0.03477898209	0.7674212721
1.54397596	-0.0353451183	0.7657806626
1.544566802	-0.03529952149	0.7656061297
1.544648734	-0.03453432622	0.7666358739
1.54535173	-0.03578411428	0.7667231404
1.545720327	-0.0392514112	0.7644542124
1.544870584	-0.04419351077	0.7609286473
1.5448528	-0.04667816614	0.7587120791
1.545211719	-0.0459478056	0.7594451174
1.545736203	-0.04263400969	0.7620631113
1.545865484	-0.03850131634	0.7643320393
1.546111771	-0.03607987604	0.7644716657
1.547009855	-0.03520527512	0.763057949
1.548428329	-0.03573462524	0.7616442323
1.545931205	-0.03849445553	0.7610508203
1.544630563	-0.04064846625	0.7607017545
1.544372517	-0.04328409443	0.7596545569
1.543247749	-0.04680190116	0.757926681
1.541518264	-0.05071543175	0.7560242721
1.541304293	-0.05177586945	0.7548199949
1.542293411	-0.04978496769	0.7549072614
1.543333348	-0.0472746151	0.7558671925
1.543474872	-0.04595726099	0.7567224038
1.544038191	-0.04684976725	0.7563907912
1.543067153	-0.04900363865	0.7550119811
1.542821241	-0.05200982003	0.7523241741
1.542109255	-0.05537935407	0.7488160623
1.542073201	-0.05864199662	0.7452032307
1.540152747	-0.06174694115	0.7430390225
1.537781874	-0.06380648884	0.743248462
1.536282353	-0.06336021213	0.74551739
1.534072086	-0.06012235994	0.7490778617
1.531804244	-0.05698741661	0.7521670944
1.529119641	-0.05537627548	0.753510998
1.53078256	-0.05855082759	0.7523067208
1.53299874	-0.06182933978	0.7497061802
1.532121707	-0.06608926328	0.7475245186
1.531330015	-0.07015044916	0.7468962001
1.530102674	-0.07370311888	0.7476815983
1.527886416	-0.07614924666	0.7486415294
1.525477142	-0.07692457141	0.7491302215
1.523322826	-0.07563556044	0.7490604084
1.521418063	-0.07290936263	0.7491825814
1.520460713	-0.07049180101	0.7493222078
1.519563368	-0.07049276944	0.7493745676
1.518527402	-0.07417767818	0.7479957575
1.516668707	-0.08116752521	0.7457791894
1.513631425	-0.08886345296	0.7430390225
1.511432683	-0.0936499141	0.7414333195
1.51022842	-0.09404442859	0.7410842537
1.509356349	-0.09181772352	0.7418347453
1.507895816	-0.08888919854	0.7432833685
1.505786786	-0.08677909658	0.745639563
1.504113141	-0.08564802147	0.7487811557
1.502741889	-0.08538699182	0.7519052951
1.501567272	-0.08736571472	0.7527779597
1.500874933	-0.09177972097	0.7505788448
1.498721165	-0.1001806001	0.7448541649
1.496647131	-0.1092660554	0.7384488065
1.494664064	-0.1156612982	0.7333000852
1.493178055	-0.1170431689	0.7317467422
1.492376338	-0.1147692789	0.7331255523
1.491344269	-0.112066866	0.7357784528
1.490083529	-0.1115299134	0.7377332215
1.489069436	-0.1134283147	0.7372445293
1.487400071	-0.1164468795	0.7349406947
1.48574225	-0.1193348203	0.7315023961
1.484296704	-0.1212111069	0.7294254543
1.482524076	-0.1236498282	0.7285527897
1.481714427	-0.1253014807	0.7292858279
1.480437029	-0.1263765889	0.7307868111
1.479288251	-0.1242934276	0.7336491511
1.477789448	-0.1202074346	0.7367034773
1.476376348	-0.1156243234	0.7387106059
1.474478247	-0.1145116829	0.738239367
1.472640937	-0.1171121193	0.7357959061
1.471987783	-0.1214982677	0.7327590332
1.472206734	-0.125356294	0.7309787973
1.472142305	-0.126578167	0.7312231434
1.472633193	-0.1261594124	0.7329335661
1.471461612	-0.1239100561	0.7348010684
1.470362381	-0.1207605914	0.7362322384
1.469778914	-0.1185344514	0.7372096227
1.469290184	-0.1171675823	0.7395134574
1.469217048	-0.1160755259	0.7429343027
1.468968521	-0.1165245639	0.7456919229
1.469040772	-0.1186321875	0.7451683241
1.470896382	-0.1210812438	0.7415554926
1.468863003	-0.1233573879	0.7386058862
1.467629182	-0.1230333484	0.7372096227
1.466004674	-0.1217328393	0.7378030347
1.465754335	-0.1195530202	0.7386407927
1.46457599	-0.1164147609	0.7399497897
1.462689526	-0.1137818562	0.7414333195
1.461327127	-0.1129953554	0.7423932506
1.459259618	-0.1151987036	0.7428644895
1.457962287	-0.1190144328	0.7420267315
1.457772893	-0.1227363039	0.740805001
1.461030976	-0.1229985279	0.7391294849
1.461741967	-0.1229210846	0.7381870071
1.463510862	-0.1203003796	0.7373143425
1.464574544	-0.1181620068	0.7372619826
1.464714631	-0.115836407	0.7376110485
1.46420241	-0.1147107345	0.7385709796
1.463828828	-0.1138379166	0.7394436442
1.463087424	-0.1131980592	0.7404908417
1.46301529	-0.1131929323	0.7412064267
1.463463767	-0.1145090392	0.7412587866
1.463628985	-0.1162711805	0.7394436442
1.463080102	-0.1179496692	0.7373317958
1.46258514	-0.1184517029	0.7358831725
1.461621215	-0.1169868105	0.7367558371
1.460710178	-0.1139666266	0.7382568203
1.459888221	-0.1106049839	0.7392342047
1.458721964	-0.109872413	0.7389025921
1.459041789	-0.1087848228	0.7385011664
1.456145736	-0.1118384987	0.7384662598
1.457800951	-0.1112131033	0.7389724053
1.456050841	-0.1121955792	0.7393040179
1.456963369	-0.1131909285	0.7391818448
1.455822792	-0.1170313051	0.7376983149
1.454621159	-0.1201492553	0.7356562797
1.45340191	-0.1210498667	0.7347312552
1.452526784	-0.1192756212	0.7372445293
1.451831593	-0.1152119832	0.740805001
1.451037721	-0.1120591801	0.7430913823
1.450039038	-0.1128281309	0.7408399076
1.448469044	-0.1164883991	0.7364067713
1.447381521	-0.1213695869	0.7312929566
1.445745348	-0.1246038072	0.728570243
1.442831512	-0.1257559301	0.7280640975
1.440832111	-0.1248527831	0.7291811082
1.440812772	-0.1241217676	0.7304551985
1.443035816	-0.1238063106	0.7315373027
1.442690752	-0.1228897158	0.7329161128
1.442238009	-0.1206752357	0.7341727499
1.44280315	-0.1183500841	0.7349930546
1.442226618	-0.1183221926	0.7343996427
1.441498775	-0.1233827747	0.7327590332
1.439704552	-0.1311267939	0.730245759
1.433833115	-0.137466437	0.7282386304
1.43053273	-0.1403674691	0.7275754053
1.426490689	-0.1392825405	0.7283433501
1.423397355	-0.1365282778	0.7295650806
1.420565908	-0.1332324926	0.730420292
1.418603327	-0.131426505	0.731380223
1.416985758	-0.1302844397	0.7330033793
1.416311921	-0.1320208408	0.7351675875
1.414830094	-0.1357901844	0.7364940378
1.412682476	-0.1403205093	0.7359180791
1.411693311	-0.1439817549	0.7341727499
1.410196209	-0.1458837991	0.7324448739
1.409215633	-0.1451163232	0.7324099673
1.408008491	-0.1414998734	0.7338411373
1.407175926	-0.1375334389	0.7367209306
1.405840039	-0.1350125284	0.7397228969
1.403667304	-0.1353455957	0.7421838111
1.401581662	-0.1381542275	0.7423059842
1.399481216	-0.1422556133	0.7397752568
1.39744445	-0.1466667399	0.7348883348
1.395391352	-0.1506176881	0.7301759459
1.393181781	-0.15361391	0.7274706855
1.391383859	-0.1534312258	0.7278372047
1.389433754	-0.1502816869	0.730542465
1.388516885	-0.1462428894	0.7342076564
1.38785781	-0.1429505232	0.7370874497
1.386759674	-0.1432988621	0.7371223563
1.383860714	-0.1474464509	0.7341552966
1.381265892	-0.1532542005	0.7291985615
1.379733488	-0.1577552878	0.7250272246
1.378146939	-0.1613398455	0.7231248157
1.376754453	-0.1631445836	0.7233517085
1.375034006	-0.1633474745	0.724398906
1.374269814	-0.1614338843	0.7250272246
1.372518717	-0.1573059688	0.7254286503
1.371807374	-0.1523534251	0.7259347958
1.370534671	-0.1493443544	0.7261965952
1.369470254	-0.1494480509	0.725289024
1.369151904	-0.1524441692	0.7229502828
1.367937128	-0.1571071099	0.7206464481
1.366957591	-0.1602995806	0.7198086901
1.367300573	-0.159222771	0.7208035278
1.367543823	-0.1566929837	0.7221823379
1.367330362	-0.1539877078	0.7233691618
1.366537389	-0.1521671987	0.7241720132
1.365602807	-0.1511254202	0.7253762904
1.364985255	-0.1498013955	0.7264933011
1.365191955	-0.1491353898	0.7266852874
1.364994904	-0.1511780238	0.724695612
1.363690654	-0.1556264357	0.7198959566
1.361747838	-0.1618480753	0.713420785
1.360993153	-0.1658561945	0.7081149841
1.359427531	-0.1658241561	0.7065441878
1.359384203	-0.1621765343	0.7090574619
1.359783642	-0.1575535515	0.7130891725
1.359112542	-0.1537899319	0.7158991526
1.358227903	-0.1521819699	0.7164751112
1.357834697	-0.1521398867	0.7158991526
1.3570911	-0.152553221	0.7156548065
1.356139732	-0.1524594448	0.7160387789
1.356903765	-0.1516159667	0.7170161633
1.356999961	-0.1535019203	0.7176968417
1.356165986	-0.1562783984	0.7174699489
1.355086209	-0.1570699931	0.7168416304
1.356598775	-0.1563077711	0.7166670975
1.355781063	-0.1547671839	0.7192152782
1.356481305	-0.1522571026	0.7229328295
1.355899049	-0.152175477	0.7265980209
1.353713538	-0.1541474935	0.7274706855
1.35407187	-0.1544755319	0.7261616886
1.353524804	-0.1555053001	0.7239102138
1.353455946	-0.1553402981	0.7218158187
1.352896372	-0.1556226179	0.7204893685
1.352743963	-0.1541295686	0.7197214236
1.352326559	-0.1517082574	0.7192850913
1.351134327	-0.1485970363	0.7188662123
1.352073174	-0.1457695146	0.7185345998
1.351058456	-0.1430249371	0.7187963991
1.351262441	-0.1420213653	0.7194945308
1.350711517	-0.1402815596	0.7196690638
1.349554416	-0.1425922508	0.7189709321
1.349925991	-0.1440431016	0.7179586411
1.349155566	-0.1457830589	0.7197737835
1.348448374	-0.1462070194	0.7244512659
1.347499654	-0.1457525827	0.7315722093
1.346398395	-0.145009683	0.7375761419
1.345406904	-0.1426661166	0.743248462
1.344033645	-0.1403631673	0.7484495431
1.342777057	-0.1379039058	0.753336465
1.342033336	-0.1352963039	0.7563733379
1.34005328	-0.1338682071	0.757507802
1.337315941	-0.1341825486	0.7569492966
1.335196174	-0.1356123032	0.7560591787
1.333464146	-0.1384045662	0.7544011159
1.331483207	-0.1385768757	0.7539647836
1.329558021	-0.1365624571	0.753510998
1.326753697	-0.1348929356	0.754348756
1.328316732	-0.1343757682	0.7544360225
1.327232736	-0.1332573141	0.7544360225
1.324806411	-0.1342212671	0.7538949704
1.323733634	-0.1385310596	0.7516784022
1.321767747	-0.148467831	0.746529681
1.319462107	-0.1632039342	0.7377855814
1.315751373	-0.1770578691	0.7293032812
1.313880374	-0.181531728	0.7255508233
1.312913755	-0.1770429759	0.7270168999
1.312828711	-0.1679410274	0.7311707835
1.311898756	-0.1628642005	0.7334571649
1.311129035	-0.1626940904	0.7337887774
1.309564858	-0.1656252111	0.7329684727
1.308172244	-0.1684685078	0.7319910883
1.306800098	-0.1717056905	0.7296872537
1.303275516	-0.1740501996	0.7253937437
1.299589274	-0.1774437274	0.7195817973
1.296115178	-0.1792896117	0.7154977269
1.294283984	-0.1777900744	0.7147821419
1.292998512	-0.1727359893	0.7184996932
1.291933921	-0.1671967218	0.7239102138
1.289922305	-0.1625895872	0.7283782567
1.287991979	-0.1619619912	0.7286400561
1.285142027	-0.1650865293	0.7248701449
1.282851702	-0.169926667	0.7186393195
1.28071219	-0.1741332255	0.7144505293
1.279058691	-0.1759900586	0.7135429581
1.277464568	-0.1758267717	0.7168241771
1.276220116	-0.1743102564	0.7209431541
1.274892691	-0.1728492031	0.7239451204
1.273810125	-0.1709413268	0.7250795844
1.272217941	-0.1692435669	0.723683321
1.270716348	-0.1688896511	0.7261093287
1.268993682	-0.170890177	0.7265282077
1.266690771	-0.1760069071	0.7284306166
1.264152918	-0.1807944717	0.7215889259
1.261336482	-0.1826841214	0.7164227514
1.262115356	-0.1818202948	0.7105933517
1.261002919	-0.1794149028	0.7092669014
1.261006005	-0.1776586646	0.7076786518
1.262024907	-0.1747723345	0.7072423195
1.25915662	-0.1697151563	0.7086036763
1.258228616	-0.1663829693	0.710855151
1.257599756	-0.1659902084	0.7123735875
1.257000327	-0.1677713944	0.7120070684
1.254749352	-0.170838501	0.7104537253
1.252408085	-0.1731196341	0.7087258494
1.253816445	-0.1704295596	0.7079753578
1.253800307	-0.1671341075	0.7084989566
1.254147178	-0.1625835066	0.7110471373
1.2553588	-0.1582977521	0.7143458095
1.253909568	-0.1572394047	0.7172430561
1.253011229	-0.1566199248	0.7175572154
1.250529995	-0.1575859388	0.7158118861
1.249372397	-0.1589283452	0.7133509719
1.249685843	-0.1603004855	0.7112216702
1.250443092	-0.161665874	0.7094239811
1.25024206	-0.1612857199	0.7082371572
1.249738832	-0.1587697407	0.7084989566
1.249911545	-0.1535395553	0.7113089367
1.251124717	-0.1480456344	0.7146425155
1.249824003	-0.1454496312	0.71699871
1.250303173	-0.1437498023	0.716702004
1.249237095	-0.1449928782	0.715864246
1.248892264	-0.14601949	0.7155151801
1.249057221	-0.1464834395	0.7159166059
1.249686159	-0.1459826038	0.7155500867
1.248500206	-0.1478474301	0.7132811587
1.249108158	-0.1473596078	0.7094937942
1.248712095	-0.1459346079	0.7057064298
1.247861801	-0.1446265799	0.7042578065
1.247755101	-0.1418225124	0.7052002843
1.2477592	-0.1392281796	0.7070503333
1.246643292	-0.1385623467	0.7093192613
1.246299953	-0.1396521939	0.7112565768
1.245819677	-0.1419383695	0.7139443838
1.245648697	-0.1435643855	0.7157595262
1.246794957	-0.1425207174	0.7173128693
1.246929862	-0.1395078917	0.7182553471
1.246046441	-0.1368100462	0.7183426135
1.244699592	-0.1352331582	0.7179760944
1.243727132	-0.1343773292	0.7174350423
1.242989948	-0.1323666836	0.7183949734
1.243293168	-0.1295446634	0.7199657697
1.24337019	-0.1282365857	0.7208384344
1.243101748	-0.1300856224	0.7192327315
1.242495182	-0.1338012479	0.7153930071
1.241954919	-0.1371734632	0.7111169504
1.242205821	-0.1388548157	0.7089178356
1.239553849	-0.1392540918	0.7102966457
1.239923101	-0.1354622477	0.714310903
1.237689905	-0.1332072868	0.718011001
1.23598189	-0.1312098904	0.7192152782
1.236931763	-0.1293803453	0.7175746687
1.238822152	-0.1265820369	0.7148170484
1.238463331	-0.1259282749	0.7112565768
1.237983699	-0.1264420953	0.708167344
1.236874194	-0.1275618832	0.7056715232
1.235260003	-0.1286606405	0.7047988585
1.234129899	-0.1288966793	0.7049210316
1.231661924	-0.1265960149	0.7056889765
1.229978148	-0.1230575327	0.7069281602
1.229715819	-0.1181076426	0.7083767835
1.227448136	-0.1152379312	0.7097555936
1.225445799	-0.1147835997	0.7102268325
1.223796077	-0.117289015	0.708586223
1.222083674	-0.1221646313	0.7048337651
1.220465731	-0.1279297198	0.6993185247
1.218404071	-0.1323721082	0.6943792429
1.216875023	-0.134029382	0.6908711311
1.21477178	-0.1328283158	0.6896843072
1.214157787	-0.1296223375	0.6905395186
1.213212365	-0.1264750236	0.6929655262
1.214127869	-0.1239412213	0.6958976794
1.211217363	-0.1235327716	0.6979571679
1.209070519	-0.1242554647	0.6979920745
1.206710081	-0.1268310153	0.696176932
1.204945609	-0.1295527373	0.6931400591
1.20248729	-0.1320606976	0.6903475323
1.20085586	-0.1321816371	0.6887418294
1.199435827	-0.1304580441	0.6892654282
1.198147529	-0.1266574734	0.6924419274
1.196416931	-0.1235831162	0.6972415829
1.193570736	-0.1214295916	0.7017096258
1.195157944	-0.1167249285	0.702320491
1.191299564	-0.1189804414	0.698620393
1.190578126	-0.1211859579	0.6919532352
1.189087113	-0.1253398848	0.6867172475
1.188223151	-0.1276616111	0.6851813577
1.188199527	-0.1257151052	0.6874502858
1.187005056	-0.1214480329	0.6919183287
1.186234787	-0.1175052123	0.6963863715
1.186057586	-0.1138814797	0.7000690163
1.185175466	-0.1106705141	0.7024601173
1.184283147	-0.105984324	0.7036818478
1.18030757	-0.1018233414	0.7038563807
1.182017866	-0.1001158229	0.7027568233
1.181939087	-0.09949027773	0.7014303731
1.18193748	-0.09590796959	0.700173736
1.18058789	-0.1116718696	0.6999642965
1.178797571	-0.1064421589	0.7004878953
1.17957807	-0.09932496168	0.7020761449
1.180129283	-0.09317738225	0.7038389275
1.180558643	-0.08928817365	0.7052002843
1.180766477	-0.08874709847	0.7054795369
1.179146127	-0.08900563869	0.7051653777
1.179051123	-0.0892013059	0.7049559382
1.179287292	-0.08976659469	0.7043799795
1.178152581	-0.08954317227	0.7033851418
1.178036698	-0.08969134212	0.7019190653
1.177856854	-0.08812581078	0.7017445323
1.178338259	-0.08508279293	0.7032629688
1.178526446	-0.08040752529	0.7062998417
1.178868915	-0.07571062964	0.7086560362
1.178633198	-0.07300309182	0.7089178356
1.177782768	-0.07329046019	0.7062998417
1.177316887	-0.07528092673	0.7022332245
1.178140178	-0.07687831166	0.6986378463
1.178454106	-0.07706016834	0.697311396
1.178638953	-0.07504612195	0.6982189673
1.179248063	-0.07328647884	0.7001213761
1.179798437	-0.07135064181	0.7018143455
1.179318663	-0.06907076998	0.703036076
1.179314358	-0.06592703433	0.7042054466
1.179474095	-0.06217263232	0.7054795369
1.18074038	-0.05927249446	0.7067536273
1.181657304	-0.05815037083	0.7072597728
1.182505689	-0.05842257736	0.7067187207
1.182676035	-0.05885930426	0.7049908448
1.183017882	-0.05826790777	0.7032804221
1.184088026	-0.05614212972	0.7025124772
1.184933739	-0.0536525463	0.7031058892
1.184455478	-0.0510057861	0.7043450729
1.183774486	-0.04880888251	0.7054271771
1.183561613	-0.04676264401	0.7063696549
1.183953098	-0.04526603186	0.706614001
1.183793435	-0.04499993274	0.7064045615
1.184328311	-0.04621378322	0.7046592322
1.185102883	-0.0475137185	0.7030186227
1.18544999	-0.04862151287	0.7017270791
1.186373448	-0.04756249506	0.7022681311
1.18618107	-0.04465883322	0.7032804221
1.184511304	-0.04148445775	0.7041530867
1.183762512	-0.03956219084	0.7047814052
1.183251286	-0.03687891058	0.7060904022
1.182911765	-0.03521716524	0.7077833716
1.183363904	-0.03352567975	0.709005102
1.183941218	-0.03338781097	0.7080277177
1.185238717	-0.03438578483	0.7071899596
1.185599177	-0.03718402256	0.7068059872
1.184411929	-0.03974980134	0.7087607559
1.182765583	-0.04042083105	0.7111693103
1.182817005	-0.0368023208	0.7146250622
1.182478003	-0.03167241319	0.7183949734
1.181188113	-0.03006863908	0.7211525936
1.181626723	-0.02852771158	0.7211700469
1.180645234	-0.02880687668	0.7184124267
1.180851852	-0.02904607319	0.7150439412
1.180636735	-0.03001209171	0.7125132138
1.181315868	-0.03183260996	0.7108900576
1.18106438	-0.03397386184	0.7094065278
1.1787227	-0.03566008497	0.7081324374
1.176619231	-0.03626396671	0.7080626242
1.174064377	-0.03349825356	0.7100348463
1.171421232	-0.03030600225	0.7139269305
1.1732391	-0.02253010599	0.7183251602
1.172679925	-0.02053849194	0.7214318463
1.172830846	-0.01946984047	0.7225314037
1.172360726	-0.0215354165	0.7220427116
1.172238544	-0.02333671808	0.72129222
1.171682228	-0.02446039839	0.7207337146
1.17144167	-0.0231965525	0.7201752093
1.169496206	-0.0214508242	0.7193549045
1.168558858	-0.02030712276	0.7190232919
1.166896025	-0.01809451517	0.7208558877
1.167403588	-0.01463107095	0.7250446779
1.167243083	-0.01273788365	0.7297745201
1.166810244	-0.01208679027	0.7323576074
1.165176251	-0.01443079851	0.7310835171
1.164529326	-0.01807234497	0.7272263394
1.164194258	-0.0221760783	0.7225663103
1.163286815	-0.02359845099	0.7205242751
1.16233888	-0.02233037811	0.7220950714
1.162057398	-0.01738154148	0.7268598203
1.16032341	-0.01259659103	0.7324623272
1.159600651	-0.009257801857	0.7366685707
1.158498943	-0.007464545411	0.7385709796
1.157074933	-0.008191337283	0.7370874497
1.156710412	-0.009687667539	0.7329510194
1.155754589	-0.01320415579	0.7275928586
1.154876677	-0.01627246944	0.7240672935
1.154751521	-0.01712431738	0.7238927606
1.154108826	-0.01391038067	0.7266503808
1.152780333	-0.009375715643	0.7298792399
1.152192703	-0.00508347863	0.7318165554
1.149479296	-0.002957334674	0.731676929
1.14849143	-0.002172424081	0.7304028387
1.149696534	-0.002282334167	0.7285178831
1.148684833	-0.002740394785	0.7265282077
1.150627216	-0.004507054073	0.724573439
1.151508777	-0.006188693293	0.7226710301
1.153102615	-0.006745161071	0.7211875002
1.152296994	-0.005231884882	0.7205417284
1.152135254	-0.001152434807	0.7213794864
1.15219183	0.003201987489	0.7233691618
1.1524791	0.007231645941	0.7256031832
1.153898807	0.009061904594	0.7266678341
1.15475573	0.008161658836	0.7264060347
1.155953968	0.005759146543	0.7252192108
1.156886626	0.004221677855	0.7236484145
1.158465975	0.003667904201	0.721711099
1.159973712	0.002553885412	0.7190232919
1.158786562	0.001464788863	0.7167892705
1.158458227	0.0006639751229	0.715445367
1.160564168	0.001472540604	0.7158991526
1.159681247	0.003318026821	0.7168939903
1.159534774	0.006530913781	0.7174699489
1.160188551	0.009009100511	0.7167543639
1.161788074	0.009055733363	0.7141189167
1.162235108	0.005605616932	0.7106457115
1.162575203	0.002873434051	0.7076961051
1.164004235	0.003213545322	0.7071725063
1.164181187	0.004956340871	0.7088654757
1.164039428	0.007421734153	0.7112740301
1.164709753	0.01053357197	0.7124084941
1.161765458	0.01264084718	0.711151857
1.170461651	0.01298508962	0.708586223
1.16935091	0.00954855456	0.70560171
1.171405963	0.008525035993	0.7033502353
1.172754162	0.008167397796	0.7009765875
1.173365178	0.008493273317	0.6985331265
1.17600414	0.009514434303	0.6974684757
1.178381428	0.01146643452	0.697608102
1.180533583	0.01611970543	0.6992487115
1.179512168	0.01779100245	0.69987703
1.179346246	0.01911235926	0.7003133624
1.178469501	0.01880301196	0.7002435492
1.178303687	0.02105722211	0.7009416809
1.177333107	0.02351739436	0.7017794389
1.176721553	0.02753890581	0.7022157712
1.17887702	0.03130405075	0.7015176395
1.179908074	0.03256459622	0.6997374037
1.180320267	0.0323311379	0.697189223
1.180451409	0.03240807855	0.6950075614
1.18171178	0.03428479153	0.6937683777
1.180440412	0.03476798733	0.6947806686
1.18182107	0.03855940409	0.6971368631
1.181652262	0.04042642906	0.7001911893
1.183039314	0.04245886203	0.701482733
1.184269827	0.04305522308	0.7006973348
1.185449064	0.0414498325	0.6979920745
1.186079382	0.03940445274	0.6949552016
1.187369013	0.03773106656	0.6925291939
1.187778659	0.03742689778	0.6916565293
1.187203042	0.03888598623	0.6926339137
1.186591939	0.04205241023	0.6952170009
1.186152446	0.0460221702	0.697904808
1.186725139	0.04816496228	0.6987251127
1.187389199	0.04629246875	0.6947283088
1.187823294	0.03896813791	0.6864030882
1.188518209	0.02796770575	0.6761754588
1.189471787	0.01912795687	0.6694210346
1.190118419	0.01425687957	0.6667157743
1.190589506	0.01288046119	0.6662270821
1.189824366	0.01234332992	0.665389324
1.188715666	0.01222390815	0.6642025001
1.18829618	0.01418263542	0.6644293929
1.187834646	0.01758624841	0.6660350959
1.187934471	0.01659713957	0.6641152337
1.188259602	0.01168184696	0.6603453225
1.188239286	0.004965691944	0.6552489611
1.188591537	0.006798622694	0.6569070239
1.187421926	0.01089651047	0.6599962566
1.185994596	0.01703588944	0.6629807697
1.184441774	0.01947512644	0.6633996487
1.18682737	0.0252601128	0.6642025001
1.185367944	0.02759950173	0.6666285078
1.182775023	0.02798837924	0.6694210346
1.184001065	0.03096429705	0.6714281632
1.18155731	0.0304091397	0.6723008279
1.182444552	0.03119783969	0.6712710836
1.181938995	0.02853646409	0.6686530897
1.182075431	0.02406553027	0.6644293929
1.182111352	0.02113288011	0.661270347
1.181200407	0.0210394071	0.6613576135
1.181525398	0.02458256516	0.6656685767
1.18117252	0.02987556761	0.6716899626
1.179890016	0.03457013695	0.6758962061
1.179420025	0.03627317735	0.6757914864
1.179805707	0.03542407707	0.6720564818
1.18091612	0.03390310325	0.667239373
1.181736902	0.03176779707	0.6638534343
1.182338497	0.02996797582	0.6620557452
1.183546604	0.02769047884	0.6620382919
1.184141916	0.02685388499	0.6626491571
1.185706149	0.02828818958	0.6644119396
1.185459448	0.03036520819	0.6661398156
1.186092631	0.03480843486	0.6682691173
1.186360122	0.03893908987	0.6691941418
1.187292179	0.03953750122	0.6683912903
1.187751274	0.0353535558	0.6656162168
1.188556019	0.02939731741	0.6621779182
1.188761989	0.02451064613	0.6592457651
1.189999267	0.02358079183	0.6570117436
1.192156657	0.02531431371	0.6555107605
1.193111002	0.02832168664	0.6551442413
1.195371808	0.03191505079	0.6560692658
1.197584142	0.03559550495	0.6580065813
1.196966871	0.03867229139	0.6600486165
1.198108781	0.04150271216	0.6614972398
1.198650024	0.0423185365	0.6615321464
1.198553112	0.0414702265	0.6606594818
1.200218784	0.04004251271	0.6599264435
1.200583399	0.03575310223	0.6605896686
1.200973041	0.03418129525	0.6620731985
1.203562587	0.03793141488	0.6638883409
1.205125305	0.04147904176	0.6642723133
1.208306314	0.04598078484	0.6630331295
1.20993866	0.04903046354	0.6596297375
1.212186038	0.04959534651	0.6562437987
1.21386133	0.05058329255	0.6537130713
1.216598154	0.05092113292	0.6519677421
1.218664827	0.05058585818	0.6502398661
1.220086389	0.04852426385	0.6481105644
1.221282954	0.04832980934	0.6471506333
1.222936839	0.05026313962	0.6472029932
1.223929043	0.05392858867	0.6481280177
1.224696793	0.05832400984	0.648442177
1.224238322	0.06024112822	0.6479185782
1.22503104	0.0609273839	0.6467317543
1.231998073	0.06169024603	0.6450911448
1.234496024	0.06197007458	0.6429618431
1.237290463	0.06125081046	0.6395759044
1.24013146	0.05958739843	0.6353347543
1.244434119	0.05769758328	0.6310412444
1.247142891	0.05738555802	0.6286501433
1.248709077	0.05945535425	0.6293133684
1.245496621	0.06255857334	0.6351078615
1.243533356	0.06537155738	0.6438868676
1.241722542	0.06660690912	0.653276739
1.241119327	0.06632696227	0.6580240346
1.241272898	0.06588556909	0.6596297375
1.241395398	0.06442434837	0.6592283118
1.241510048	0.06390035737	0.6590886854
1.242458045	0.0637247376	0.6581287543
1.242453987	0.0624032841	0.6564881448
1.243498808	0.06090775183	0.6550220683
1.24394565	0.06099984727	0.6550918814
1.245122234	0.0643383488	0.6569419305
1.246502699	0.06834120672	0.6609387344
1.248169897	0.07160416606	0.665982736
1.249014091	0.0709925567	0.670695125
1.250821059	0.0684966451	0.6725975338
1.251899024	0.06454712321	0.671829589
1.252769811	0.06255846673	0.670695125
1.253413117	0.0622258116	0.670817298
1.253742058	0.06373608758	0.6722135614
1.253667285	0.06490031782	0.672370641
1.253603388	0.06560813525	0.6710616441
1.253960942	0.06600997504	0.6686879963
1.253755701	0.06653967983	0.666820494
1.253672977	0.06685691899	0.6647435522
1.253648349	0.06528521283	0.6619510254
1.254171525	0.06187544006	0.6576749687
1.254802595	0.05682474905	0.6535385384
1.254689229	0.05319965377	0.6507460116
1.254676944	0.05172473775	0.6500478799
1.255215937	0.05266702053	0.6508681847
1.25432637	0.05517634285	0.6525437007
1.253526163	0.0574128959	0.6548824419
1.253419121	0.05932410781	0.6573084496
1.25356936	0.05942656382	0.6593853914
1.254711173	0.05802690035	0.6595773776
1.255559612	0.05433839921	0.6577098753
1.255717908	0.04880715875	0.6537654312
1.255875222	0.04504213102	0.6492275752
1.25636374	0.0429023403	0.6463477819
1.255879668	0.04284057966	0.645579837
1.255806373	0.0448019055	0.6478313118
1.255038671	0.04689604726	0.6503794925
1.255165838	0.04880211322	0.6526833271
1.255484105	0.04865638105	0.6532418324
1.255674847	0.04660285309	0.6522120882
1.255597104	0.04318229517	0.6497337206
1.256324753	0.03994907945	0.6464001418
1.257214429	0.03735453238	0.6440963072
1.257323591	0.03592308913	0.6443057467
1.256893432	0.03664280119	0.6476742321
1.256475215	0.03984489107	0.6529276732
1.256517795	0.04455794177	0.6576400622
1.256905011	0.04839404339	0.6598042704
1.256786629	0.04936703007	0.6588966992
1.25733661	0.04726266115	0.6554060407
1.258621496	0.04272993587	0.6515488631
1.260143248	0.03822040817	0.648738883
1.263254901	0.03489393434	0.6481978309
1.264633444	0.03319881629	0.6487737896
1.266384264	0.03354682303	0.6495242811
1.266563381	0.03571919279	0.6499431602
1.265658954	0.0396529742	0.6503620392
1.264887668	0.04369604705	0.6511997972
1.265184059	0.04688237278	0.6529451265
1.26507156	0.04679729571	0.6552315078
1.266323162	0.04337056406	0.6572386364
1.267608384	0.03747940686	0.657570249
1.267834742	0.03345063557	0.6565405047
1.26837125	0.03236845511	0.6562263455
1.26922127	0.03473572841	0.6573259029
1.270605793	0.03583960771	0.6595075645