1.3995	0.183605	0.8255756428
1.39956	0.182717	0.8252440302
1.39979	0.181429	0.8244062722
1.40033	0.179701	0.8230449154
1.40047	0.177998	0.8218057316
1.40065	0.177098	0.8209156137
1.40061	0.176533	0.820636361
1.40055	0.176383	0.8218580915
1.40389	0.177674	0.8236557806
1.40524	0.181553	0.8265355739
1.40627	0.18416	0.8291884743
1.40258	0.186814	0.8332899981
1.40371	0.191055	0.8366410302
1.405	0.19097	0.838299093
1.40745	0.192512	0.8367632033
1.40975	0.192139	0.8343546489
1.41311	0.1911	0.8326791328
1.41407	0.18816	0.8329409322
1.41762	0.189008	0.8336914238
1.41844	0.188021	0.8336739705
1.41835	0.187141	0.8323126137
1.41861	0.186646	0.830602191
1.42112	0.184626	0.8289964881
1.42525	0.183906	0.828036557
1.42872	0.180619	0.8267450134
1.43139	0.179594	0.826605387
1.43398	0.178057	0.825470923
1.43426	0.177926	0.82391758
1.43695	0.175608	0.8207759873
1.43886	0.173619	0.8188910317
1.44061	0.173393	0.8186815922
1.44211	0.176903	0.820339655
1.44297	0.179574	0.8218057316
1.44285	0.184343	0.8240048465
1.44379	0.190122	0.8263435876
1.44429	0.198646	0.8301484054
1.44459	0.205639	0.8329583855
1.44571	0.211042	0.8355589261
1.44902	0.213223	0.8367108434
1.45092	0.212224	0.8368853763
1.45192	0.208032	0.8353320333
1.45359	0.203936	0.8331503717
1.45435	0.200452	0.8317192017
1.45595	0.200435	0.8319635478
1.45752	0.203381	0.8339881298
1.45657	0.207889	0.8366759368
1.45637	0.21226	0.8389972247
1.45807	0.215106	0.8401142354
1.46063	0.217838	0.8403411283
1.45996	0.216479	0.8400444223
1.46041	0.212012	0.8386307056
1.46609	0.208617	0.8359952584
1.46699	0.202072	0.8325220532
1.47	0.199845	0.829764433
1.47209	0.198983	0.8288219552
1.4733	0.201599	0.8305672844
1.47342	0.207715	0.8347560746
1.47411	0.21417	0.8399222492
1.47439	0.218662	0.8440761328
1.47642	0.21703	0.8437445203
1.48056	0.210251	0.8390844912
1.48504	0.193238	0.8271289858
1.48893	0.174924	0.8130267255
1.49212	0.160018	0.801542459
1.49479	0.154102	0.7972664023
1.49624	0.155265	0.7989070118
1.49746	0.157391	0.801664632
1.49831	0.165281	0.8077907377
1.49808	0.178124	0.8164301175
1.49764	0.192807	0.8248426045
1.49753	0.202086	0.8297295264
1.49765	0.202576	0.8301658587
1.49993	0.198518	0.8287870486
1.50402	0.190923	0.8262388679
1.50519	0.184778	0.8242491925
1.50711	0.184566	0.8241793794
1.50948	0.188042	0.8252265769
1.5119	0.193604	0.8270417194
1.51399	0.198728	0.8283856229
1.51439	0.201009	0.830183312
1.51532	0.203252	0.8323998802
1.51524	0.206926	0.8354018465
1.51534	0.211838	0.8383514529
1.51459	0.216302	0.8398524361
1.51449	0.218267	0.8399746091
1.51625	0.214514	0.8389972247
1.51847	0.208212	0.8383339996
1.51893	0.202337	0.8376009613
1.52068	0.19832	0.8373217086
1.5259	0.201038	0.8373042554
1.52765	0.203615	0.8369726428
1.52965	0.206004	0.8353843932
1.53142	0.203999	0.8311083365
1.53317	0.201595	0.8266402936
1.53493	0.200477	0.822783116
1.53715	0.200301	0.8222246106
1.538	0.200127	0.8223467837
1.53967	0.199921	0.8223118771
1.54248	0.198661	0.8198509628
1.54364	0.19643	0.8171457025
1.54381	0.195709	0.8161683181
1.54607	0.196958	0.820339655
1.5468	0.199524	0.8285950624
1.54664	0.203911	0.8387354253
1.54714	0.207709	0.8456992891
1.54749	0.209771	0.848858335
1.54789	0.21126	0.8487710685
1.54969	0.212664	0.849277214
1.55164	0.213956	0.8515286888
1.55294	0.214277	0.8562236244
1.55571	0.213545	0.8601855218
1.55809	0.210927	0.8622973702
1.55868	0.209056	0.8618610379
1.55993	0.208068	0.8600458955
1.56207	0.208622	0.8577595142
1.56338	0.210461	0.855542946
1.56423	0.212727	0.8553335065
1.56529	0.214628	0.8569217561
1.56626	0.215713	0.8594350303
1.56766	0.216895	0.8608138404
1.56913	0.217089	0.8604822278
1.57038	0.216067	0.8592779506
1.57203	0.214154	0.8577246076
1.57562	0.211535	0.8564505172
1.57687	0.20868	0.8553509598
1.57763	0.207697	0.8552811466
1.57935	0.20887	0.8561189047
1.57943	0.212123	0.858405286
1.58005	0.216972	0.8604822278
1.58099	0.222379	0.8625766229
1.58272	0.223555	0.8635191007
1.58411	0.221779	0.8641474192
1.58609	0.219458	0.8640252462
1.58812	0.215876	0.8632922079
1.58825	0.212257	0.8625766229
1.58889	0.209144	0.8620704774
1.58964	0.20732	0.8622275571
1.59056	0.206222	0.8620530241
1.59015	0.206931	0.8622799169
1.59818	0.20939	0.8634841941
1.59864	0.214192	0.8666432401
1.60229	0.22034	0.8704480578
1.60406	0.22337	0.8735372906
1.60647	0.222765	0.8741132493
1.60922	0.218277	0.872245747
1.61256	0.210834	0.8686154621
1.61549	0.205173	0.8649328174
1.61337	0.201903	0.8629780486
1.61051	0.202231	0.863117675
1.60787	0.205505	0.8655785892
1.60612	0.209626	0.8689121681
1.60519	0.214038	0.8728391589
1.60444	0.217033	0.8762250977
1.60448	0.218775	0.8787209185
1.60467	0.220408	0.8798553825
1.60645	0.220459	0.8790001712
1.60774	0.216709	0.8768185096
1.60974	0.210507	0.8736943703
1.61244	0.205032	0.8715999752
1.6141	0.20104	0.8708320303
1.61629	0.202215	0.8717570548
1.6174	0.20681	0.8732580379
1.61762	0.212699	0.8745495816
1.61783	0.217304	0.8751779001
1.61874	0.218528	0.8754396995
1.61958	0.217842	0.8763123641
1.6208	0.216617	0.8780751467
1.62367	0.214981	0.8802219017
1.62597	0.210971	0.8809549399
1.62758	0.207502	0.8798030226
1.6298	0.206216	0.8775515479
1.6315	0.207064	0.8766963366
1.6324	0.209458	0.8785638389
1.63493	0.213243	0.8829097087
1.63694	0.217156	0.8876046444
1.63441	0.218547	0.8904495311
1.63456	0.220779	0.8906938772
1.63514	0.219843	0.8885820288
1.6355	0.218327	0.8860513014
1.63558	0.216787	0.8843757853
1.63705	0.214911	0.8846724913
1.63884	0.213372	0.8862956475
1.64023	0.212471	0.8881980563
1.64158	0.213315	0.8896292263
1.64048	0.214559	0.8907113305
1.63986	0.218277	0.8923170334
1.64026	0.222755	0.8949524805
1.64051	0.225759	0.8984082325
1.64026	0.227424	0.9016370916
1.64193	0.22523	0.9036093136
1.64394	0.221982	0.9037140334
1.64404	0.217507	0.9025621161
1.64389	0.21361	0.9009564132
1.64443	0.209243	0.900589894
1.64732	0.209977	0.9015323718
1.64733	0.208989	0.9035569538
1.64858	0.210844	0.9055640824
1.65104	0.215422	0.9076584775
1.65086	0.219008	0.9097354193
1.65183	0.224212	0.9117250947
1.65293	0.229153	0.9130340916
1.65383	0.231693	0.9138369431
1.65596	0.231269	0.9141685556
1.65894	0.228809	0.914133649
1.66008	0.224488	0.913592597
1.66179	0.221398	0.9125977593
1.6632	0.220258	0.9116901881
1.66368	0.219794	0.9110967761
1.66592	0.220356	0.9109920564
1.66693	0.217896	0.9103811911
1.66874	0.213453	0.9101193917
1.6711	0.208139	0.9102764714
1.67341	0.206068	0.9123359599
1.67377	0.205433	0.9141860089
1.674	0.206519	0.9158440717
1.67568	0.204839	0.9162454974
1.67632	0.201565	0.9175021345
1.67724	0.197995	0.9192998236
1.67752	0.196206	0.9221796169
1.67747	0.196353	0.9247976108
1.67684	0.198686	0.9269792723
1.67649	0.202327	0.9284977088
1.6761	0.205856	0.9298939722
1.67679	0.209226	0.9317789278
1.6779	0.211814	0.9333846307
1.67857	0.212607	0.9352172264
1.67937	0.212242	0.9365436766
1.68111	0.210743	0.9384635388
1.68147	0.20881	0.9397550824
1.68133	0.208081	0.9413084255
1.68187	0.20822	0.9425650625
1.6821	0.208356	0.944205672
1.68267	0.20973	0.9457939217
1.68364	0.213289	0.9472599982
1.68366	0.216849	0.9487260748
1.68376	0.216735	0.9486911682
1.68426	0.212996	0.9468760258
1.68628	0.206412	0.9445896445
1.68766	0.200564	0.9426348757
1.68955	0.196818	0.9415004117
1.69167	0.194162	0.9402961345
1.69249	0.192381	0.9398947088
1.69408	0.193279	0.9428094086
1.69382	0.197021	0.9473298114
1.69381	0.203875	0.9558470181
1.69366	0.210012	0.9611179125
1.69307	0.215507	0.9632646675
1.69119	0.216623	0.9587442647
1.69076	0.215078	0.9538224362
1.69043	0.211346	0.9499128987
1.68996	0.206978	0.9484119155
1.68935	0.202791	0.9478708635
1.6898	0.200518	0.9477137838
1.69149	0.201266	0.947486891
1.69281	0.201369	0.9471552785
1.69283	0.203809	0.9475567042
1.69644	0.20618	0.9490053275
1.69781	0.205504	0.9502968711
1.69916	0.203645	0.9506110304
1.70119	0.198149	0.9490751406
1.70293	0.190591	0.9468934791
1.70499	0.182276	0.9435424469
1.70708	0.174521	0.9387253382
1.70707	0.168579	0.9327912187
1.70842	0.167052	0.9286373351
1.70856	0.167612	0.9281311896
1.70853	0.170065	0.93083645
1.70864	0.171547	0.9331751912
1.70933	0.171594	0.9342922019
1.70858	0.170705	0.9343096552
1.70751	0.171433	0.9349030671
1.70701	0.172502	0.9350601468
1.70616	0.171585	0.9345889079
1.70591	0.166371	0.9339256827
1.7062	0.160638	0.9345714546
1.70294	0.156262	0.935671012
1.70645	0.155543	0.9368229293
1.70494	0.158766	0.9371719952
1.70561	0.164271	0.9390045909
1.70483	0.170027	0.9416051315
1.70483	0.173969	0.9446245511
1.70498	0.17489	0.9462477073
1.70515	0.172923	0.9463698803
1.7053	0.17009	0.9452877762
1.70643	0.168963	0.9432282877
1.70614	0.168155	0.9411513458
1.70657	0.167997	0.9398074423
1.70671	0.166856	0.9401739615
1.70669	0.167441	0.9422509033
1.70529	0.168309	0.9455495756
1.70575	0.172315	0.9489878742
1.70598	0.176135	0.9515360549
1.70555	0.180953	0.9527403321
1.70551	0.183216	0.9526530656
1.70516	0.182006	0.9522167333
1.70566	0.179254	0.9520422004
1.70677	0.176204	0.952495986
1.70847	0.174463	0.9525832524
1.70776	0.172017	0.9515884148
1.7077	0.169698	0.9498256322
1.70748	0.167418	0.9490925939
1.70383	0.163872	0.9504888573
1.70633	0.169199	0.9539446093
1.70562	0.16991	0.9581857593
1.70568	0.172403	0.9622349232
1.70524	0.174075	0.9643293183
1.70478	0.17493	0.9637359064
1.7046	0.173921	0.9609433796
1.70428	0.171739	0.9583079324
1.70383	0.168373	0.9572258283
1.70509	0.167926	0.9576098007
1.70458	0.167641	0.958761718
1.70531	0.167547	0.9601405281
1.70689	0.168294	0.9616589646
1.70726	0.171741	0.9626538022
1.70819	0.174559	0.9632472142
1.70794	0.178981	0.9645562111
1.70798	0.18346	0.9670869385
1.7094	0.187298	0.9696002127
1.70923	0.186467	0.9701412647
1.70879	0.182626	0.9680468696
1.70861	0.178166	0.9654288757
1.70898	0.176373	0.9638231728
1.70789	0.176819	0.9642595051
1.70651	0.177378	0.9649401836
1.70666	0.177522	0.965446329
1.70516	0.175692	0.9660921009
1.70478	0.178185	0.9679072433
1.70532	0.181414	0.9711535557
1.70571	0.184555	0.974155522
1.7052	0.187736	0.9767037027
1.70546	0.189141	0.9769655021
1.70632	0.186992	0.9748536537
1.70717	0.181297	0.9700539983
1.70797	0.176125	0.9654812356
1.70874	0.174027	0.9635090136
1.70757	0.175739	0.9653939692
1.70715	0.181115	0.9697747456
1.7076	0.187219	0.9745220411
1.70681	0.191773	0.9780476062
1.70558	0.195134	0.9798627487
1.70571	0.196389	0.9804561606
1.70624	0.19569	0.9803863474
1.70584	0.194054	0.979705669
1.70642	0.189532	0.9780126996
1.708	0.18227	0.9751329064
1.70857	0.174738	0.9720611269
1.70939	0.170317	0.9698794653
1.71003	0.170999	0.9697049324
1.70856	0.175759	0.9712059156
1.70795	0.182099	0.9743475082
1.70863	0.187372	0.9775763673
1.70783	0.190195	0.9799325618
1.70662	0.189294	0.9799325618
1.7077	0.186024	0.9780825128
1.70844	0.181294	0.9747838405
1.708	0.177362	0.9712408221
1.70802	0.173696	0.9681690427
1.70732	0.170406	0.966755326
1.70671	0.170021	0.9677152571
1.70555	0.173063	0.9707172234
1.70364	0.178316	0.9744347747
1.70197	0.184199	0.9771923949
1.70202	0.188034	0.9779777931
1.70222	0.189219	0.9769829554
1.7016	0.188336	0.9753947058
1.70189	0.184515	0.9738762693
1.70384	0.180252	0.9730559646
1.70508	0.177079	0.9725847257
1.7051	0.176883	0.9726370856
1.70577	0.177997	0.9723229263
1.70513	0.180414	0.9721309401
1.70389	0.184717	0.9728290718
1.70287	0.189838	0.9754296124
1.70096	0.19471	0.9796533091
1.69982	0.198562	0.9837373796
1.70069	0.200955	0.9855350687
1.70015	0.199211	0.983405767
1.70003	0.195359	0.9787108313
1.701	0.18997	0.974033349
1.70145	0.18668	0.9726370856
1.70155	0.187835	0.9748362004
1.70126	0.192131	0.9792518834
1.6999	0.196717	0.9836501131
1.69882	0.200477	0.9868789722
1.69875	0.203028	0.9891129937
1.69848	0.205516	0.9908408696
1.69746	0.207246	0.9922894929
1.69726	0.209972	0.9943664347
1.69634	0.21166	0.9965830029
1.69787	0.211117	0.9980665328
1.69632	0.209067	0.996827349
1.6993	0.212531	0.9934588635
1.70063	0.19074	0.9904219906
1.6983	0.208737	0.9902823643
1.6976	0.219317	0.9930225312
1.6965	0.223116	0.9964957364
1.69641	0.228155	0.9987123046
1.69552	0.232046	0.9993057165
1.69488	0.234452	0.9991311836
1.69467	0.232729	0.9987123046
1.69367	0.231219	0.998677398
1.69425	0.230838	0.998974104
1.69315	0.232392	0.9998293153
1.69311	0.23353	1.000684527
1.69349	0.233361	1.002517122
1.6922	0.231967	1.004314811
1.69255	0.231273	1.007334231
1.69202	0.23215	1.010528184
1.69082	0.235515	1.016025971
1.68965	0.239364	1.021715744
1.68953	0.24361	1.026847012
1.68964	0.247072	1.029656992
1.69015	0.249259	1.030721643
1.69217	0.249195	1.030791456
1.69124	0.247981	1.030616923
1.68864	0.245627	1.030965989
1.68627	0.240666	1.032083
1.68672	0.24341	1.033723609
1.68569	0.244121	1.035468939
1.68538	0.246008	1.036865202
1.68491	0.247509	1.037964759
1.68524	0.250605	1.038052026
1.68612	0.25429	1.037214268
1.68383	0.255549	1.035172233
1.68397	0.25651	1.033130197
1.68525	0.254477	1.031140522
1.68608	0.250572	1.030320217
1.6859	0.247521	1.030774003
1.68505	0.245307	1.032816038
1.68544	0.243714	1.035486392
1.68454	0.243103	1.038610531
1.68286	0.244843	1.04183939
1.68211	0.24837	1.045190423
1.68083	0.253432	1.047337178
1.68009	0.259254	1.047808416
1.67932	0.264735	1.046551779
1.67807	0.267482	1.044684277
1.67841	0.267375	1.043096027
1.67961	0.264369	1.042467709
1.67996	0.260507	1.042554975
1.67982	0.259939	1.043026214
1.67913	0.260326	1.04353236
1.67848	0.261909	1.04496353
1.67681	0.262766	1.047424444
1.67594	0.264571	1.050269331
1.67506	0.26669	1.05211938
1.67522	0.272787	1.051892487
1.67405	0.275503	1.049937718
1.67313	0.275624	1.046255073
1.67318	0.275247	1.04220591
1.6727	0.271185	1.039256303
1.67436	0.268641	1.03934357
1.675	0.267337	1.042851681
1.67395	0.268389	1.04782587
1.67386	0.27355	1.052241553
1.67267	0.280843	1.054423214
1.67071	0.289515	1.054510481
1.67029	0.293937	1.053847256
1.66983	0.295154	1.05355055
1.66955	0.294706	1.053690176
1.67046	0.293913	1.052922231
1.67014	0.290905	1.05053113
1.66916	0.287378	1.04761643
1.67005	0.282018	1.045434769
1.6699	0.279375	1.045714021
1.66934	0.279788	1.048611268
1.66884	0.283611	1.053306204
1.66787	0.289703	1.057390274
1.66578	0.296315	1.059135603
1.6641	0.302871	1.057564807
1.6633	0.305263	1.054231228
1.66303	0.304322	1.050147158
1.6639	0.300633	1.047895683
1.66516	0.29666	1.047529164
1.66542	0.293667	1.049239586
1.66496	0.292016	1.051141995
1.6642	0.292742	1.052573165
1.662	0.294914	1.053515643
1.6604	0.299504	1.054248681
1.66026	0.304106	1.054388308
1.66043	0.30912	1.053585456
1.66075	0.311946	1.05180522
1.66266	0.312589	1.049658465
1.66501	0.309542	1.047145191
1.66637	0.305674	1.044771544
1.66611	0.300174	1.042886588
1.66456	0.296617	1.042013923
1.66261	0.295245	1.042467709
1.66097	0.296402	1.044213038
1.65865	0.298317	1.046813579
1.65611	0.299061	1.049972625
1.65504	0.301513	1.052904778
1.65681	0.306655	1.055156253
1.65655	0.309017	1.055819478
1.65724	0.312575	1.055226066
1.65785	0.313614	1.054388308
1.65768	0.312281	1.054056695
1.65852	0.310863	1.05477228
1.65884	0.310305	1.056063824
1.65802	0.311337	1.057564807
1.657	0.313552	1.058367658
1.65575	0.318135	1.058420018
1.65366	0.320362	1.058524738
1.65131	0.322037	1.059606842
1.64997	0.323895	1.061596518
1.64863	0.325577	1.062556449
1.64786	0.32825	1.061125279
1.64724	0.331754	1.057564807
1.64693	0.330764	1.054266135
1.65189	0.326989	1.052695338
1.65033	0.323492	1.053026951
1.64999	0.321269	1.05466756
1.64257	0.322221	1.056988848
1.64661	0.324961	1.058769084
1.64644	0.32815	1.059030884
1.64653	0.331315	1.058105859
1.64657	0.334311	1.057390274
1.64685	0.335701	1.057285554
1.64671	0.334953	1.056674689
1.64606	0.335257	1.054475574
1.64592	0.335725	1.051107089
1.64746	0.338736	1.048192389
1.64689	0.334149	1.047127738
1.64813	0.331036	1.048524001
1.64892	0.33211	1.051438701
1.64768	0.33318	1.054911906
1.64761	0.337551	1.057320461
1.64687	0.344285	1.058297845
1.64546	0.350321	1.057460087
1.64509	0.353811	1.055836931
1.64658	0.35458	1.053882162
1.64598	0.352278	1.052433539
1.64623	0.349898	1.051107089
1.64649	0.348396	1.049885358
1.64531	0.345902	1.048593815
1.64478	0.344556	1.048122576
1.64543	0.344471	1.049606106
1.64488	0.346125	1.053428377
1.64323	0.350078	1.058420018
1.64317	0.356164	1.062050303
1.64225	0.362075	1.062818248
1.64118	0.365647	1.060828573
1.64138	0.36607	1.058228032
1.64243	0.362581	1.055994011
1.64282	0.359118	1.055505318
1.64343	0.35649	1.05609873
1.64328	0.35486	1.058367658
1.64236	0.355508	1.060880933
1.64189	0.357929	1.062992781
1.64204	0.36289	1.063952712
1.64062	0.367288	1.063952712
1.63991	0.371678	1.064127245
1.64141	0.374061	1.064650844
1.64208	0.373771	1.064755563
1.64293	0.372571	1.06356874
1.64543	0.3695	1.061212545
1.64824	0.365489	1.059851188
1.64872	0.363358	1.059868642
1.64958	0.364573	1.061491798
1.64786	0.367457	1.063341847
1.64553	0.371574	1.066465986
1.64402	0.376717	1.068612741
1.64267	0.382298	1.069520312
1.63959	0.387209	1.067146665
1.63831	0.389124	1.063621099
1.63958	0.389253	1.059921001
1.64008	0.384501	1.055994011
1.64101	0.375703	1.053218937
1.64661	0.37074	1.051229262
1.64917	0.364695	1.052503352
1.65041	0.36687	1.054807187
1.64986	0.373854	1.05758226
1.64816	0.381499	1.058995977
1.64713	0.387714	1.060357334
1.64682	0.391294	1.062155023
1.64681	0.393384	1.064249418
1.64644	0.394657	1.064668297
1.64771	0.394818	1.062678622
1.64878	0.394612	1.058891257
1.64856	0.393502	1.055400599
1.64907	0.391717	1.054615201
1.65063	0.389355	1.057128475
1.65044	0.38869	1.062102663
1.64996	0.391533	1.066867412
1.64905	0.397454	1.069694845
1.64741	0.403981	1.070009005
1.64591	0.408984	1.068804727
1.64603	0.411806	1.067356104
1.64581	0.411318	1.066972132
1.64608	0.409933	1.067670263
1.64838	0.408877	1.06897926
1.64853	0.408754	1.069886831
1.64746	0.41066	1.070235897
1.64744	0.413455	1.070497697
1.64802	0.41603	1.071352908
1.64752	0.419664	1.073115691
1.64646	0.423106	1.074895926
1.64628	0.426512	1.07629219
1.64589	0.4288	1.076571443
1.64673	0.429959	1.076745975
1.64761	0.430369	1.076676162
1.64776	0.429098	1.077339387
1.6495	0.42697	1.078229505
1.65204	0.424645	1.079573409
1.65154	0.425091	1.080515887
1.65065	0.426993	1.081196565
1.65075	0.429948	1.081894697
1.64996	0.433683	1.082523015
1.64946	0.437976	1.082976801
1.64918	0.441411	1.082732455
1.64937	0.444309	1.082697548
1.64864	0.447327	1.082331029
1.64918	0.450256	1.081789977
1.64878	0.451399	1.080952219
1.64855	0.450725	1.081161658
1.65008	0.449981	1.082418296
1.64971	0.4498	1.084250891
1.64955	0.452162	1.085716968
1.64951	0.454525	1.086903792
1.64848	0.456941	1.088003349
1.64701	0.459467	1.089242533
1.64669	0.463427	1.09055153
1.64583	0.467825	1.091302021
1.64547	0.471898	1.091162395
1.64669	0.475267	1.089434519
1.64834	0.475709	1.087060871
1.6484	0.471646	1.084704677
1.65013	0.468013	1.084128718
1.65138	0.46565	1.085298089
1.64999	0.467054	1.087706643
1.64756	0.471119	1.089975571
1.64604	0.475256	1.091581274
1.64443	0.478478	1.092750645
1.64738	0.48307	1.092960084
1.64792	0.486952	1.091895433
1.64841	0.488909	1.089451972
1.65003	0.490009	1.086484913
1.65253	0.489932	1.083762199
1.65448	0.487266	1.081545631
1.65847	0.48533	1.080358807
1.66046	0.482922	1.080830046
1.6596	0.480179	1.083203694
1.6553	0.482696	1.086973605
1.65126	0.489583	1.090795876
1.64561	0.496822	1.094059642
1.64381	0.505922	1.096258756
1.64157	0.50909	1.097271047
1.64304	0.510709	1.096904528
1.64365	0.508468	1.095002119
1.64521	0.507078	1.092279406
1.64606	0.506476	1.089818492
1.64697	0.506549	1.08922508
1.64877	0.506479	1.091162395
1.65108	0.507181	1.095543171
1.65153	0.509904	1.100814066
1.65121	0.515677	1.104985403
1.65085	0.520973	1.10618968
1.64972	0.52544	1.10470615
1.64871	0.52833	1.102367409
1.65006	0.527872	1.101110772
1.65257	0.523972	1.102664115
1.65378	0.518571	1.1062944
1.65748	0.516	1.111024242
1.65702	0.5157	1.114322914
1.65583	0.519635	1.116487123
1.65506	0.525066	1.118075372
1.65477	0.530957	1.120152314
1.65384	0.536279	1.121758017
1.65345	0.541567	1.12198491
1.65545	0.546002	1.121461311
1.65626	0.546288	1.121042432
1.65713	0.546481	1.12172311
1.65848	0.543644	1.122717948
1.65907	0.541492	1.124917063
1.66	0.540188	1.128599708
1.66173	0.541351	1.133416816
1.66036	0.545262	1.13762306
1.65798	0.550542	1.140188694
1.65765	0.555048	1.14165477
1.65696	0.559043	1.143312833
1.65621	0.562532	1.145215242
1.65683	0.565353	1.146384613
1.65887	0.566266	1.146279893
1.65973	0.564635	1.145546855
1.66088	0.562168	1.145738841
1.66239	0.560034	1.146908211
1.66288	0.559563	1.14907242
1.66314	0.562352	1.151358801
1.66302	0.567089	1.153296116
1.66079	0.57288	1.153819715
1.65938	0.576728	1.153016864
1.66013	0.577711	1.151341348
1.66111	0.575336	1.15013707
1.66131	0.573737	1.149543659
1.66293	0.573395	1.149334219
1.66508	0.574039	1.148566274
1.66515	0.573028	1.147728516
1.66596	0.571826	1.147414357
1.66625	0.570327	1.148391741
1.66823	0.574204	1.15013707
1.66761	0.575062	1.151707867
1.66515	0.577057	1.152266372
1.66335	0.584268	1.151533334
1.66222	0.588605	1.149473845
1.66493	0.591296	1.146768585
1.66538	0.590022	1.143626992
1.66684	0.590052	1.141166078
1.6684	0.588052	1.139734908
1.66993	0.589999	1.139455655
1.6694	0.59137	1.139193856
1.67107	0.595031	1.137797593
1.67238	0.596619	1.135755557
1.67428	0.595839	1.133661162
1.6759	0.595416	1.132928124
1.67493	0.594598	1.132875764
1.67456	0.597277	1.134533827
1.674	0.599431	1.135214505
1.67302	0.599565	1.135092332
1.67471	0.598403	1.132456885
1.67841	0.597974	1.129891251
1.67936	0.594072	1.128512441
1.68008	0.591753	1.127535057
1.68027	0.593235	1.129105853
1.68118	0.595599	1.130240317
1.68213	0.599046	1.133661162
1.68234	0.602055	1.135127239
1.68171	0.606367	1.137064554
1.68047	0.612725	1.136907475
1.6792	0.620071	1.135650838
1.67897	0.62526	1.133102657
1.67921	0.626521	1.130833729
1.68131	0.625195	1.129786531
1.68348	0.621484	1.130379943
1.68683	0.620525	1.132229992
1.68575	0.619834	1.135057426
1.68321	0.624455	1.137762686
1.68038	0.632131	1.140869372
1.67837	0.639876	1.144080778
1.67771	0.647809	1.147920502
1.67718	0.653478	1.152056933
1.67641	0.657659	1.155634858
1.67601	0.660218	1.156315536
1.67531	0.662906	1.153173943
1.67374	0.662245	1.148129942
1.67467	0.6643	1.146402066
1.67588	0.657341	1.149718191
1.67758	0.653473	1.155495231
1.68008	0.659101	1.158968436
1.68513	0.665753	1.158863717
1.68648	0.668604	1.157572173
1.68628	0.669152	1.156664602
1.68754	0.670834	1.156280629
1.68737	0.673766	1.155931564
1.68889	0.675368	1.156420256
1.69259	0.674857	1.156332989
1.69346	0.670734	1.156577335
1.69443	0.669614	1.155006539
1.69438	0.67186	1.1545353
1.69285	0.675508	1.151358801
1.69032	0.681085	1.147519077
1.69012	0.682966	1.141340611
1.69342	0.681196	1.136488596
1.6962	0.674993	1.131566767
1.7002	0.66798	1.126941645
1.70485	0.662107	1.124428371
1.70719	0.658776	1.125004329
1.71209	0.656911	1.129454919
1.71435	0.654628	1.132997937
1.71601	0.653691	1.136418783
1.71864	0.653645	1.139071683
1.71966	0.653993	1.142841594
1.71997	0.656348	1.146367159
1.72059	0.663558	1.1489677
1.72	0.670124	1.150014897
1.71877	0.674397	1.14881062
1.72117	0.676668	1.145861014
1.72445	0.675593	1.14170713
1.72694	0.669405	1.138687711
1.72853	0.662977	1.137029648
1.73027	0.660836	1.137448527
1.72923	0.661747	1.138722617
1.72785	0.666506	1.140799559
1.72528	0.671351	1.142963767
1.72486	0.6771	1.145040709
1.72445	0.680394	1.146873305
1.72355	0.68386	1.147798329
1.72331	0.685595	1.146820945
1.72375	0.686521	1.143958605
1.72527	0.685661	1.140363227
1.72769	0.68362	1.138094299
1.73015	0.681002	1.137396167
1.73231	0.676593	1.138356098
1.73387	0.674741	1.140153787
1.73254	0.674518	1.142195822
1.73154	0.679982	1.143469913
1.73129	0.68571	1.143557179
1.73116	0.689855	1.142946314
1.73215	0.691727	1.142230729
1.73449	0.692248	1.141724583
1.73603	0.691814	1.141166078
1.73692	0.689947	1.140520306
1.73927	0.687848	1.140590119
1.74132	0.686654	1.14191657
1.74193	0.687069	1.14451711
1.74301	0.688465	1.146943118
1.74318	0.691737	1.148374288
1.74167	0.695932	1.148234662
1.74084	0.700276	1.147833236
1.74141	0.702704	1.147745969
1.74176	0.704383	1.148321928
1.74236	0.706711	1.14875826
1.74381	0.709929	1.148234662
1.74478	0.711748	1.146943118
1.74549	0.71122	1.145285055
1.74852	0.709609	1.144901083
1.75018	0.707667	1.146367159
1.75095	0.706849	1.149770551
1.75256	0.708306	1.153592822
1.7522	0.711579	1.156594789
1.75138	0.716566	1.15739764
1.75127	0.720914	1.156036283
1.75279	0.72299	1.15320885
1.75398	0.723089	1.151009735
1.75596	0.72189	1.150555949
1.75893	0.719838	1.151288988
1.76019	0.719167	1.151393708
1.76152	0.718832	1.150032351
1.76308	0.718443	1.148583727
1.76382	0.717045	1.149264406
1.76498	0.717185	1.152720158
1.76593	0.719135	1.158270305
1.76425	0.724688	1.163925172
1.76202	0.73201	1.167712536
1.76113	0.738366	1.168061602
1.76113	0.741372	1.164902556
1.76211	0.740227	1.16041706
1.76489	0.736385	1.157170747
1.76799	0.732775	1.156716962
1.77007	0.730995	1.158636824
1.7721	0.730928	1.161359538
1.7719	0.732576	1.163820452
1.77082	0.735188	1.165478515
1.77123	0.738464	1.166386086
1.77136	0.741828	1.166752605
1.77065	0.74536	1.166839871
1.77025	0.748726	1.167084218
1.77177	0.750351	1.166927138
1.77389	0.748713	1.165862487
1.7774	0.745169	1.163680825
1.78164	0.740227	1.16195295
1.78408	0.735938	1.162005309
1.78572	0.735198	1.164082251
1.78576	0.739887	1.16725875
1.78358	0.745638	1.170697049
1.78128	0.752038	1.173995721
1.78068	0.757597	1.176543902
1.78084	0.761448	1.177137314
1.7808	0.764829	1.175025466
1.78202	0.765618	1.170313077
1.78411	0.763407	1.165286528
1.78709	0.758855	1.162930334
1.79151	0.75226	1.164466224
1.79414	0.747798	1.168131415
1.7946	0.747081	1.171691887
1.79492	0.751659	1.174449507
1.79383	0.758633	1.177713273
1.79316	0.763664	1.180802505
1.79302	0.767483	1.182914354
1.79419	0.769929	1.183403046
1.79693	0.770436	1.182478022
1.79837	0.768705	1.181692623
1.8031	0.764168	1.180540706
1.80667	0.759825	1.181116665
1.80821	0.75582	1.182303489
1.80902	0.755496	1.185253095
1.80757	0.757724	1.188813567
1.80423	0.763121	1.193141983
1.80204	0.773721	1.196335936
1.79733	0.781509	1.197330773
1.7965	0.787592	1.195899603
1.80154	0.789215	1.194206634
1.80266	0.787799	1.193299063
1.80672	0.785158	1.193613222
1.80932	0.783634	1.19439862
1.81113	0.783359	1.195445818
1.81212	0.784305	1.196702455
1.81265	0.785177	1.198028905
1.81163	0.788135	1.199582248
1.81077	0.790695	1.201310124
1.80915	0.795536	1.203683772
1.8075	0.800359	1.206022513
1.80741	0.805273	1.207610763
1.80643	0.807995	1.207593309
1.80678	0.808499	1.207052257
1.80712	0.812151	1.208291441
1.80305	0.824143	1.211747193
1.82306	0.783259	1.216337409
1.82257	0.788657	1.219391735
1.82099	0.792778	1.221014891
1.82132	0.796682	1.222079542
1.82281	0.799396	1.223859778
1.82251	0.801184	1.226285786
1.82317	0.80399	1.228362728
1.82428	0.803693	1.229322659
1.82501	0.804171	1.228711793
1.82646	0.801883	1.226669758
1.82924	0.799397	1.224069218
1.83079	0.797807	1.222533328
1.83064	0.801244	1.223405992
1.83144	0.806554	1.226704665
1.83062	0.811104	1.230195323
1.82986	0.814901	1.232534064
1.8309	0.817173	1.232691144
1.83206	0.818908	1.231958106
1.83318	0.819071	1.230369856
1.8355	0.818476	1.229130672
1.83867	0.816626	1.228048568
1.83982	0.814584	1.228048568
1.84163	0.813091	1.228345274
1.84325	0.813876	1.228624527
1.8418	0.816529	1.228467447
1.8403	0.820939	1.228432541
1.84039	0.824366	1.229270299
1.84009	0.827302	1.231539227
1.83959	0.831771	1.234680819
1.84102	0.834585	1.237979492
1.84213	0.836847	1.239620101
1.84384	0.836816	1.239358302
1.84766	0.834391	1.236949747
1.85127	0.830685	1.233825608
1.85312	0.825986	1.231382147
1.85595	0.823332	1.230893455
1.8564	0.823135	1.232708597
1.85502	0.827221	1.235658204
1.8531	0.833461	1.238415824
1.85222	0.838932	1.239585195
1.85141	0.843256	1.239288489
1.85154	0.84655	1.238380917
1.85336	0.846665	1.238415824
1.85448	0.845725	1.239515381
1.85632	0.843958	1.240841832
1.85997	0.842126	1.240876738
1.86243	0.839571	1.239445568
1.86435	0.83675	1.237525706
1.86688	0.837134	1.236897388
1.86551	0.841603	1.238642717
1.8623	0.847792	1.242936227
1.85897	0.85415	1.248189668
1.85773	0.858095	1.251837406
1.85779	0.857892	1.251715233
1.85954	0.852896	1.247805695
1.86355	0.847249	1.242709334
1.86675	0.84311	1.239323395
1.87089	0.842488	1.239079049
1.87237	0.844311	1.241190898
1.87131	0.848209	1.24443721
1.87175	0.85317	1.247700976
1.87039	0.857907	1.250685489
1.869	0.862708	1.253146403
1.86819	0.868271	1.255153532
1.86828	0.872678	1.257178114
1.86841	0.874683	1.258783816
1.86992	0.874376	1.259063069
1.87287	0.870442	1.256881408
1.87489	0.864803	1.253111496
1.87658	0.861436	1.250092077
1.87811	0.863278	1.249777917
1.87661	0.869429	1.252413365
1.87512	0.878018	1.256567248
1.87329	0.885758	1.260790945
1.87226	0.890227	1.264403777
1.87153	0.89292	1.266742518
1.8732	0.894048	1.267615182
1.87465	0.893751	1.267004317
1.87678	0.891659	1.265241535
1.88032	0.889225	1.263164593
1.88332	0.885211	1.260913118
1.88508	0.883484	1.259761201
1.88614	0.883969	1.259464495
1.88506	0.886811	1.260616412
1.88304	0.8926	1.262117395
1.88189	0.898915	1.263792911
1.88093	0.902052	1.264386323
1.88075	0.901664	1.263792911
1.88256	0.898516	1.262204662
1.88557	0.895095	1.260913118
1.88772	0.891356	1.260406973
1.88903	0.889462	1.26023244
1.89058	0.888428	1.260302253
1.89049	0.888244	1.260598959
1.88866	0.891199	1.262012676
1.88452	0.896348	1.263653285
1.8841	0.90214	1.265154268
1.88257	0.906398	1.265730227
1.88275	0.90844	1.2655906
1.88482	0.907916	1.264927375
1.88723	0.907555	1.263984898
1.89063	0.906634	1.263007513
1.89198	0.905293	1.261803236
1.89355	0.905124	1.260424426
1.89529	0.904996	1.259342322
1.89667	0.90318	1.258905989
1.89689	0.901267	1.258993256
1.89746	0.901569	1.259499401
1.89704	0.906958	1.260738585
1.89595	0.910647	1.262536274
1.89576	0.913764	1.263653285
1.89755	0.913106	1.261977769
1.90059	0.907031	1.258330031
1.90714	0.900883	1.253966708
1.91099	0.894548	1.251732686
1.91425	0.892117	1.251226541
1.91602	0.892657	1.251767593
1.91738	0.89553	1.252308645
1.9176	0.896713	1.252413365
1.91795	0.897845	1.252989323
1.91996	0.898919	1.253687455
1.92004	0.899684	1.255310611
1.91819	0.903312	1.257073394
1.91689	0.907237	1.258330031
1.91663	0.909288	1.2573701
1.91617	0.908018	1.253670002
1.91822	0.902814	1.24852128
1.92192	0.893357	1.244699009
1.92521	0.885202	1.242325362
1.92948	0.880254	1.240510219
1.9342	0.874987	1.236583228
1.93828	0.876615	1.231783573
1.94071	0.875156	1.227018824
1.94349	0.876598	1.224488097
1.94366	0.880005	1.22429611
1.94329	0.884725	1.226111253
1.94339	0.889149	1.227350437
1.94495	0.889928	1.22710609
1.94743	0.886156	1.223196553
1.95068	0.881375	1.219025216
1.9538	0.876078	1.214679346
1.95474	0.877513	1.214400094
1.95442	0.884761	1.219653535
1.94968	0.896276	1.231207614
1.94462	0.908491	1.246217446
1.94064	0.916854	1.25726538
1.93899	0.920098	1.262483914
1.93967	0.919607	1.261681063
1.94128	0.91649	1.260843305
1.94486	0.912559	1.261960316
1.94724	0.908815	1.266567985
1.94888	0.90691	1.271070934
1.95042	0.906102	1.2743347
1.95002	0.907153	1.274090354
1.94868	0.911164	1.272310118
1.94792	0.917231	1.269063806
1.94752	0.921095	1.266585438
1.94903	0.920637	1.264543403
1.95302	0.918532	1.263391486
1.95622	0.915044	1.262187208
1.95874	0.911096	1.260686225
1.96183	0.906735	1.258260218
1.96551	0.90212	1.255537504
1.96747	0.899995	1.253600189
1.96835	0.899956	1.253792175
1.96902	0.902475	1.256113463
1.96958	0.903375	1.258522017
1.97085	0.903709	1.259604121
1.97663	0.893676	1.255048812
1.98365	0.87883	1.246601418
1.99393	0.857906	1.234244487
2.00174	0.844006	1.225395668
2.00599	0.835647	1.220962532
2.00522	0.839237	1.223772512
2.00257	0.850254	1.230893455
1.99757	0.865213	1.24035314
1.99244	0.879537	1.247910415
1.98988	0.886101	1.25164542
1.98986	0.888452	1.252169019
1.98961	0.88943	1.252221378
1.98922	0.892357	1.253338389
1.98863	0.897542	1.25578185
1.98791	0.898728	1.257090847
1.98892	0.897288	1.256567248
1.9931	0.89241	1.254001614
1.99593	0.887102	1.252029392
1.9969	0.885176	1.252151565
1.99722	0.88877	1.2544554
1.99558	0.895865	1.257614446
1.99225	0.904416	1.260598959
1.9904	0.908899	1.262815527
1.99011	0.91018	1.264595763
1.99056	0.909609	1.265398614
1.9917	0.909143	1.265782587
1.99281	0.907924	1.26574768
1.99383	0.906061	1.265154268
1.99703	0.902558	1.263164593
2.00064	0.896953	1.259726294
2.00251	0.891444	1.256706875
2.00539	0.88823	1.25572949
2.00813	0.888445	1.257474819
2.0068	0.892128	1.260529146
2.00545	0.896515	1.263216953
2.00574	0.8984	1.26421179
2.00705	0.897497	1.263600925
2.0089	0.896264	1.262152302
2.01123	0.894838	1.261105104
2.01128	0.892781	1.260773492
2.01189	0.893278	1.261977769
2.01386	0.894418	1.263897631
2.01324	0.895216	1.266184012
2.01155	0.897647	1.267493009
2.01154	0.901725	1.26845294
2.01003	0.908095	1.270582242
2.00853	0.913317	1.273671475
2.00895	0.917218	1.277389026
2.01126	0.918939	1.279291435
2.01162	0.918487	1.279937207
2.01425	0.919061	1.27883765
2.01549	0.917251	1.27719704
2.01515	0.914714	1.27592295
2.01703	0.912886	1.275748417
2.01804	0.909503	1.276795614
2.01663	0.906705	1.277633372
2.01582	0.904811	1.278069705
2.01647	0.908892	1.277895172
2.01517	0.911713	1.278156971
2.01367	0.915774	1.279151809
2.01371	0.918192	1.280879685
2.015	0.916594	1.28286936
2.01685	0.914057	1.284317983
2.01936	0.909968	1.285417541
2.02021	0.907403	1.28588878
2.0203	0.905769	1.286325112
2.02084	0.905864	1.28711051
2.02135	0.908047	1.288908199
2.02099	0.908852	1.291770539
2.02146	0.911596	1.294947039
2.02141	0.916827	1.298123538
2.01913	0.922998	1.300706625
2.01695	0.929888	1.302155248
2.01617	0.933008	1.301718916
2.0138	0.930654	1.299519801
2.02346	0.925669	1.297111247
2.0302	0.920425	1.296046596
2.03432	0.917782	1.29723342
2.03856	0.918146	1.3000434
2.03783	0.923833	1.303656231
2.03808	0.929356	1.307269063
2.03835	0.932064	1.310096496
2.03992	0.932248	1.312016359
2.04198	0.932932	1.313430075
2.04098	0.933982	1.315123045
2.03872	0.933932	1.316449495
2.03662	0.932654	1.316205149
2.03641	0.928548	1.313726781
2.03647	0.923706	1.310393202
2.0372	0.919612	1.307949741
2.03673	0.918566	1.308839859
2.03567	0.921754	1.313063556
2.0331	0.929602	1.320620832
2.02933	0.93696	1.328230467
2.02685	0.941932	1.334164587
2.02743	0.942221	1.336416062
2.02895	0.93836	1.336189169
2.03154	0.933888	1.334635826
2.03536	0.928759	1.332471617
2.03836	0.922929	1.330010703
2.0408	0.919253	1.327532336
2.04203	0.917631	1.326380418
2.04181	0.919313	1.326624764
2.04008	0.923663	1.327933761
2.03801	0.929651	1.330848461
2.0352	0.934988	1.334635826
2.03295	0.938639	1.338737349
2.0331	0.939186	1.340412866
2.0346	0.93589	1.340151066
2.03657	0.931645	1.338650083
2.03962	0.927524	1.337637792
2.04223	0.923857	1.337480712
2.04331	0.923281	1.337864685
2.04248	0.925702	1.338493003
2.04027	0.929507	1.339313308
2.03597	0.93457	1.340744478
2.03376	0.940043	1.343013406
2.03232	0.945808	1.34547432
2.03137	0.948696	1.34706257
2.03203	0.948539	1.348772993
2.03531	0.945705	1.350902294
2.03801	0.942178	1.354689659
2.03907	0.940992	1.357412372
2.0399	0.943407	1.360274712
2.03944	0.944644	1.360798311
2.03815	0.946879	1.360414339
2.03754	0.949534	1.357412372
2.03599	0.95167	1.355335431
2.03411	0.953634	1.353834447
2.03371	0.955429	1.353677368
2.03282	0.956475	1.353328302
2.03244	0.956352	1.353066503
2.03457	0.95289	1.352228745
2.03913	0.946835	1.351059374