1.48730942	4.538936885	1.502959967
1.493669553	4.310421189	1.505577087
1.486290244	3.761927828	1.507885575
1.483288977	3.652848296	1.509967208
1.490993657	3.385604085	1.511847258
1.502437372	2.966587051	1.513653874
1.510615842	3.697867945	1.515642285
1.502627694	4.328440283	1.518031716
1.497478122	3.720621311	1.520581841
1.503022685	5.916763788	1.523377538
1.507803643	3.986879382	1.526434422
1.504293495	2.918500314	1.529633999
1.504559552	2.354907111	1.533142924
1.499482617	3.469184693	1.536627889
1.510627257	3.174932645	1.541430235
1.498356464	4.305146097	1.544927835
1.502051055	4.0618873	1.549488783
1.507769362	3.643331031	1.554898143
1.526927652	3.95540839	1.56253016
1.525848936	2.263618911	1.568641186
1.51610454	3.375760008	1.572866678
1.508461007	5.025560627	1.576515317
1.521924768	5.068084745	1.583015323
1.524044039	4.820639951	1.588784575
1.517624839	5.211307086	1.593145251
1.524837196	4.551166214	1.598298192
1.529182301	3.082378713	1.603303432
1.523423176	4.181357912	1.607518077
1.533117743	5.313657574	1.612086654
1.533157889	4.84884562	1.615939021
1.54444866	5.051312699	1.618981004
1.529229252	5.787502149	1.622510195
1.537869488	5.198265989	1.624117017
1.520076827	5.409363401	1.62837851
1.516656103	5.383615864	1.631392241
1.515950719	3.884410549	1.632711411
1.52265199	3.759180111	1.630900264
1.508489882	1.763364007	1.634021759
1.512003195	2.633899798	1.634047151
1.526671814	3.457232066	1.629959226
1.547865894	1.930980973	1.621572375
1.559495913	1.581435188	1.614535332
1.549272522	1.244859686	1.61415112
1.5463872	2.187580521	1.614341378
1.558414904	0.9145897436	1.610663772
1.550139808	1.59000374	1.610690594
1.550436394	1.702241428	1.609697461
1.551590953	1.778852836	1.607530594
1.552388546	0.8917169853	1.604349017
1.553407856	2.277496666	1.60040164
1.557323464	1.694275637	1.593545437
1.558475503	1.175046103	1.585893512
1.564443799	2.01391299	1.574313402
1.567330819	2.384550886	1.561537743
1.567084074	2.256732281	1.549294233
1.559984829	4.136012955	1.543976068
1.574875367	2.503344024	1.512546778
1.55404249	2.997376498	1.518834472
1.548624458	2.907207413	1.518533945
1.545616984	3.471158982	1.511711359
1.557916616	3.575662503	1.472178698
1.57711283	4.768945467	1.404116392
1.582375083	3.507451582	1.346658468
1.579923693	4.642446573	1.318233848
1.584893851	2.631969106	1.271157622
1.583482086	2.583035171	1.237630844
1.585564399	2.64325082	1.201812744
1.593326286	1.623719627	1.144351363
1.586562627	2.789319785	1.128430128
1.580997213	3.342211146	1.125903249
1.575596127	2.604316604	1.118392467
1.560505271	3.542786308	1.14417541
1.565533215	2.820450809	1.124118567
1.582094187	2.986777402	1.066590905
1.588106691	3.343613421	1.022355199
1.584510055	3.465278971	1.005245209
1.587902927	3.247579061	0.9785230756
1.594585896	3.445492358	0.9450322986
1.592198878	3.415776674	0.9289156795
1.582663595	4.919393904	0.9597392678
1.587503634	4.010697469	0.9467684627
1.587126523	4.173814137	0.9385096431
1.585440045	3.103586204	0.9146868587
1.579314764	2.728205602	0.898332417
1.590545166	3.704740303	0.8694207072
1.582111413	3.904124104	0.8730258346
1.596907517	4.26647263	0.8460816145
1.601326844	3.436050258	0.8100349903
1.59597921	5.036012939	0.8275056481
1.589623813	4.20675496	0.8350213766
1.591914244	3.313638198	0.811696291
1.587443172	3.729764427	0.807158947
1.583384081	3.315673149	0.7972940207
1.593458951	3.562436334	0.7706927061
1.584078865	3.746609315	0.7727339864
1.594683151	3.83679151	0.7530013323
1.594331005	3.973275606	0.744671762
1.612565036	3.506028961	0.701762259
1.607962761	4.085687811	0.6975244284
1.619563912	2.944824151	0.6559424996
1.614940546	2.255471986	0.6240186095
1.616060048	2.782659611	0.6064400673
1.621642576	2.224259479	0.574408114
1.606958403	2.786302167	0.580799222
1.613943997	2.466484199	0.5643384457
1.612450727	2.100778341	0.5467168093
1.616192473	3.106007812	0.5474101901
1.606934621	4.345009416	0.5824514627
1.613821835	5.533541467	0.6222968698
1.612607085	5.656964407	0.6596297622
1.618788497	4.355757513	0.6574255228
1.627377244	3.450057869	0.6301692724
1.615454919	4.641081701	0.6530159712
1.629677188	3.867314799	0.633120656
1.621960435	1.996438882	0.5975273252
1.617211871	2.386788457	0.5804648995
1.624985759	2.338431882	0.5535505414
1.629034923	2.569842528	0.53510499
1.626319337	3.793253708	0.5491225719
1.629870641	4.244477395	0.5654367208
1.618815554	4.637400563	0.5991325974
1.620046569	3.713719692	0.6037477255
1.635880205	3.379941994	0.583162725
1.632303763	3.738738748	0.5846222639
1.624193653	3.898683456	0.5993209481
1.626072847	3.647154276	0.6010966897
1.628839843	3.896998468	0.6040062308
1.629734069	4.050152745	0.6097474098
1.626422801	4.257724273	0.623255372
1.632137889	4.202697926	0.6256897449
1.628913505	4.132468928	0.6328715086
1.63051147	3.499648942	0.6247602105
1.631718416	3.82518026	0.6238095164
1.630407462	3.303010383	0.6162487864
1.650793596	2.959594591	0.580480814
1.646348668	4.142871162	0.5895391703
1.646522524	3.553053967	0.5881575346
1.645557819	3.580996546	0.5901594758
1.644018313	4.561474991	0.6125445962
1.644699593	3.809902441	0.6154879332
1.64329984	3.198266971	0.6087036729
1.645620695	3.809425843	0.6120567918
1.639762175	4.085323185	0.628213048
1.646645537	4.705527351	0.6429030299
1.646162225	4.741839076	0.6590738893
1.652141637	6.091340863	0.6912492514
1.655202355	4.049161652	0.6794811487
1.661902024	3.575353037	0.6558905244
1.658806559	2.807751559	0.6326278448
1.663801465	3.153345955	0.6147927046
1.661111438	3.723177052	0.6181138158
1.652891277	2.808644916	0.6137368083
1.660294458	1.826162735	0.5799722672
1.662698147	3.142524012	0.5775535703
1.654247555	3.758400273	0.5984799862
1.655461133	4.850173195	0.6315586567
1.655699112	3.71170747	0.6377814412
1.649307209	3.424862581	0.645616293
1.654142077	3.503362809	0.6455365419
1.668716502	2.633734204	0.6153885126
1.664815788	1.851373711	0.5904085636
1.657934027	1.137217376	0.5673562288
1.666982064	1.884496462	0.5501099825
1.660473631	3.124433688	0.5691596866
1.661666121	3.617840906	0.5915421844
1.662494881	3.36535718	0.6054952145
1.660777478	3.612219605	0.624661088
1.657352572	4.462342208	0.6599001884
1.665385552	4.219765829	0.6737719178
1.673743247	4.959292705	0.692163527
1.677737002	4.981727621	0.7092646956
1.672613822	5.512258072	0.7465851307
1.674377483	3.933411858	0.7441872358
1.677776468	4.294327999	0.7451290488
1.677761729	3.367416341	0.7317673564
1.667514579	3.006196475	0.7317599654
1.660819686	3.331077347	0.7414669991
1.664555391	4.530290528	0.759469986
1.682350948	4.951633533	0.7571275234
1.676954451	3.214345148	0.7431281209
1.678646065	4.621341707	0.7560784221
1.677438831	5.716203397	0.7899628878
1.674720155	4.021666279	0.7915490866
1.678356719	3.803801663	0.7820040584
1.672147962	4.336366763	0.7955284715
1.668382745	4.751852279	0.81614393
1.669057338	4.901128861	0.8307344913
1.674152281	5.334041618	0.8413879275
1.674385811	3.711863825	0.8252953887
1.673326182	3.498599028	0.8121796846
1.688886406	3.175827428	0.7726790309
1.682556133	4.174261714	0.7781338692
1.686848262	4.012680576	0.7737754583
1.685788221	5.468862162	0.7993447781
1.693525177	4.774214218	0.7979350686
1.680887881	4.946115156	0.8246518373
1.689087416	4.536737857	0.8205499649
1.678156797	3.666381192	0.8230422735
1.666741092	4.300131814	0.8470645547
1.665550002	3.195367331	0.8398494124
1.66054352	3.820533418	0.8473189473
1.680256492	4.861387192	0.8375595808
1.68288085	3.252512774	0.8112294674
1.677825668	3.823781703	0.812104404
1.68116839	3.247106415	0.7982702255
1.684457214	2.955440309	0.7799159884
1.68984382	3.361245731	0.7669851184
1.695341534	3.339981112	0.7534089088
1.689693779	2.998616341	0.7505971789
1.68627646	3.218869059	0.7555839419
1.694119862	3.679425225	0.7541003823
1.705661737	3.85915869	0.7442429662
1.706002013	4.392722391	0.7538717985
1.70448132	4.572319186	0.7715567946
1.703252308	3.129110749	0.7643024921
1.707014435	3.834786214	0.7647457123
1.705631466	4.388350706	0.7798112035
1.703550603	3.10121051	0.7732727528
1.70438113	3.843504617	0.7787869573
1.708293494	3.003445651	0.7633276582
1.703024623	3.851676091	0.7766076326
1.706479588	3.96604208	0.7822457552
1.693938874	3.090864612	0.7921134233
1.70521055	3.001020992	0.7749686241
1.705056065	3.320795047	0.7717539072
1.707230252	4.226197037	0.7833200097
1.697919949	3.293231712	0.7930977941
1.70565798	3.848284747	0.7943499684
1.703600422	3.950470797	0.8035542965
1.697764332	4.172555925	0.8236693144
1.700093984	4.87977561	0.8446158171
1.697200956	3.63848055	0.8459602594
1.700107313	3.763124583	0.8428456783
1.705501083	4.441654455	0.8444159031
1.695239233	3.714505138	0.8547776937
1.703349692	3.114271721	0.8350710869
1.705033678	3.319415163	0.8237720132
1.698793115	2.463234194	0.8134913445
1.707844239	2.468523852	0.7885987163
1.705500887	3.397281746	0.7920662761
1.707919219	4.112872757	0.8035078645
1.709126721	5.242651013	0.8313117623
1.711906332	5.213602463	0.8512994647
1.711383986	4.967381522	0.8672988415
1.698917141	4.653862653	0.8971965909
1.696613124	4.252387778	0.9095695019
1.69823845	3.244165784	0.89486444
1.697533202	4.290563355	0.9004247785
1.693790723	3.455579677	0.8970082402
1.695900736	2.504481906	0.8729299307
1.703137004	3.395309602	0.8565220833
1.714219898	3.646368335	0.8354482651
1.713343902	4.098833319	0.8365149498
1.707250582	2.739601818	0.8292155266
1.703125713	4.383379881	0.8525137305
1.700266165	3.928446028	0.8648595214
1.692915583	4.237256162	0.8878456354
1.69910866	5.382325806	0.9081107378
1.706707102	6.469861248	0.9308106899
1.713083771	4.181474045	0.9083333611
1.71199722	4.468512082	0.9036857486
1.703402065	5.335595646	0.9313231707
1.711634028	6.411383934	0.9494766593
1.714754662	4.703224591	0.9351284504
1.733237765	3.39007584	0.8718054891
1.729135112	3.29832232	0.8443619013
1.727233203	3.153610927	0.8262018561
1.717779003	3.130162404	0.8261120319
1.707237683	3.416933661	0.8394930959
1.719041321	2.432092458	0.8078114986
1.724038827	2.385543486	0.7792892456
1.731307328	2.515718901	0.7536024451
1.730044563	4.021438575	0.7641631961
1.724743468	4.902893742	0.7956285477
1.717999305	7.112934439	0.8635552526
1.719309812	7.1365046	0.9135888815
1.714995213	4.551914426	0.9191067219
1.725796813	3.172406542	0.8792380095
1.715285468	4.618449295	0.8947858214
1.720684862	4.770585516	0.895139575
1.712270228	4.262781691	0.9032471776
1.711047375	4.020250847	0.9024902582
1.711865343	4.893402259	0.9110379815
1.715988416	5.248307225	0.9161578417
1.713173697	7.13538939	0.9562051892
1.714265474	6.778293976	0.9804518819
1.7126152	7.096672124	1.008062005
1.706122067	7.928290872	1.053791642
1.715902098	6.247199822	1.039041758
1.709615519	5.461910856	1.033161402
1.705500071	5.311857514	1.030416965
1.703290403	5.343236318	1.027367234
1.711269336	6.355625008	1.020610332
1.709426344	6.111347708	1.01962781
1.696620319	5.995329905	1.040043473
1.697948805	5.628527118	1.038176298
1.708813256	5.839484338	1.01728642
1.710612341	6.565182042	1.014077663
1.709002837	7.103240889	1.025258899
1.711788285	6.058138992	1.014839411
1.709457385	6.163635347	1.013684988
1.7062003	6.56734142	1.02248764
1.704021907	6.005361942	1.022086978
1.708270488	7.257227486	1.028070569
1.70542168	7.70199235	1.045568824
1.704514887	6.490707089	1.042660713
1.697893166	5.701094673	1.039326072
1.698129502	5.633917214	1.02884388
1.700687253	7.049725172	1.032454491
1.701585079	7.568431383	1.041294932
1.706614209	6.783584877	1.029788375
1.713369183	6.036439731	1.00213623
1.717905011	5.78331444	0.9746587873
1.709731015	5.424618955	0.9670479894
1.706754766	7.786075434	0.9934260845
1.699387224	7.576252047	1.019904733
1.693626932	7.358643385	1.040691733
1.695055298	6.919545503	1.041533113
1.697663129	7.945446317	1.049412966
1.69883799	7.997908136	1.055001259
1.70591348	7.667505758	1.043031216
1.7093833	7.21719602	1.026093006
1.712285882	5.749035593	0.9911522269
1.702367395	6.693159294	0.9972536564
1.703214015	7.11833549	0.999527812
1.702268275	7.627350672	1.007718921
1.705881789	7.367856131	1.00277853
1.699726799	6.334638385	0.9961082339
1.70893998	6.005793285	0.9665060639
1.707085613	6.247778359	0.9538425803
1.697590217	6.693815553	0.9648813605
1.700272437	5.969805055	0.9526433945
1.699633089	6.960169777	0.9564399719
1.689266624	6.997552079	0.9745656848
1.69867344	7.224152886	0.9706150293
1.700960554	6.644782625	0.9587657452
1.699535366	8.356742725	0.9776874185
1.701317428	8.36800701	0.9902724624
1.691439551	8.293860901	1.01711905
1.68726475	8.378413611	1.040011168
1.683205137	7.907393963	1.052178264
1.67884319	7.064326779	1.05118072
1.677461752	8.333283133	1.064520836
1.690774468	9.338332664	1.061698914
1.685792172	10.09467638	1.087403297
1.686495557	9.411810121	1.095811248
1.690589587	9.904141301	1.100804448
1.697741155	9.86916347	1.092364073
1.700938405	10.32489594	1.092493892
1.708212035	10.41219029	1.083738446
1.688519767	9.492394143	1.112517238
1.699102778	9.118822542	1.091296673
1.693534485	8.976898625	1.086576104
1.693015517	8.854236877	1.077352881
1.68893984	8.845757314	1.074661613
1.684145033	9.6917709	1.08808732
1.683248419	11.47158034	1.119040132
1.687578081	9.488745236	1.104806542
1.689274621	9.658449266	1.093845129
1.678991031	10.42199388	1.114931107
1.691093956	10.01128632	1.096587896
1.685888943	10.2795985	1.100231528
1.683623204	10.23556895	1.10397315
1.683284964	8.777726141	1.084502339
1.680997901	9.184469807	1.076128721
1.682884594	8.529054239	1.054529667
1.681456539	9.945294083	1.057749033
1.697334166	8.784841879	1.018808842
1.687330476	8.845462178	1.013412476
1.693412667	7.545772742	0.9789289236
1.697475993	8.190514512	0.9559115767
1.69317148	8.608611335	0.9521801472
1.684765668	9.185779265	0.9667371511
1.67722685	9.870268183	0.9920487404
1.681159031	9.259329185	0.991625607
1.697990088	9.176894056	0.9651482701
1.688731995	9.598197243	0.9728579521
1.688984621	9.694108834	0.9777503014
1.700278316	9.582318925	0.9615420103
1.690881653	9.15857005	0.9640466571
1.69137472	9.033022189	0.9591194987
1.689027807	9.690288874	0.9669421315
1.686292011	10.56306625	0.9881203771
1.694705803	10.10019205	0.9817411304
1.682604761	10.69770939	1.009810209
1.685645305	10.63295189	1.019036293
1.680565787	10.13925575	1.026370168
1.684240866	10.48047709	1.026400566
1.680123179	10.83600098	1.039467096
1.68688096	9.916859811	1.020533085
1.677135173	10.22094461	1.030319095
1.660798717	10.72207614	1.067161918
1.673619852	9.721601519	1.044152141
1.678351194	10.08872124	1.026484489
1.671287811	11.62368625	1.051113725
1.672013792	10.96589688	1.055936813
1.687887535	9.3934106	1.007259369
1.687020559	9.713821162	0.9852164388
1.671009145	10.38017658	1.007727861
1.669700214	10.79835674	1.022828102
1.664173191	10.62272524	1.035702109
1.661025222	10.61026199	1.044399858
1.65956326	11.86837149	1.067192912
1.673240835	11.88033715	1.059430242
1.666806292	11.51826067	1.06657505
1.668130843	11.37685235	1.065526962
1.666734385	12.39552891	1.082075953
1.672226257	10.79529827	1.059126258
1.666544556	10.47598273	1.049319625
1.662507824	11.2247932	1.055968285
1.6733216	10.07248536	1.019556522
1.665712729	9.794643918	1.00510478
1.665547835	10.8772792	1.005976677
1.658115609	10.63062333	1.012707591
1.66653714	11.23152308	1.00756526
1.664331038	11.40816201	1.012408495
1.661375449	12.03469725	1.02962935
1.671508739	10.78538184	1.005293369
1.674839195	10.74787001	0.9850198627
1.662870159	11.73117465	1.007999778
1.663976339	11.07886973	1.006955862
1.65911643	10.20801478	0.9979817867
1.662232792	10.57038807	0.9864020348
1.668525013	10.12903888	0.9604043961
1.662486502	9.987016946	0.9506199956
1.659239005	9.694471823	0.9401118159
1.658851757	8.652669874	0.9126537442
1.662830992	9.486586868	0.8961216211
1.658794265	10.04349236	0.8982646465
1.656002458	10.70174154	0.9117699265
1.659839838	11.26313962	0.9237575531
1.667440945	11.27843088	0.9242098927
1.668654162	11.60265309	0.9327486157
1.656866995	12.81911161	0.9809625745
1.659167636	11.40491914	0.9860504866
1.664565314	11.25677524	0.9765675664
1.659071778	13.03940293	1.011664033
1.644220833	12.36967247	1.051939964
1.664490057	11.98836106	1.027151823
1.662401469	11.26881619	1.009185791
1.653029675	10.66486656	1.003713012
1.652134027	11.6766431	1.010463595
1.66251717	11.19903198	0.9859933257
1.663501547	11.50885009	0.9759938121
1.653038674	11.18477709	0.982873559
1.652784677	11.36520309	0.9845740199
1.649417228	13.29501341	1.020115495
1.657346794	12.91217186	1.025308371
1.662559933	12.82215065	1.022505879
1.668880369	12.27610841	1.004680157
1.663049358	11.27663281	0.9905257821
1.651170459	10.45689159	0.9837183356
1.66223634	9.914324347	0.9396597743
1.6561434	11.17400703	0.9393391609
1.661037232	11.55673331	0.9350012541
1.641131146	10.27687392	0.9414781928
1.632690357	12.3078731	0.9789521694
1.636224319	11.0896365	0.9746760726
1.650346922	12.47280255	0.9714415073
1.650591224	11.98249739	0.9679155946
1.639562677	11.25463289	0.9731033444
1.64647425	12.95206672	0.9869675636
1.660333188	13.56947785	0.9881611466
1.657915884	13.32096254	0.9991474748
1.655451159	13.24753629	1.013365149
1.660298803	11.78343075	0.9896346927
1.657758378	12.38520005	0.9882781506
1.651042155	13.26990425	1.012997508
1.657192852	13.38222241	1.017692208
1.653371801	13.11869102	1.025623202
1.659859381	12.32336271	1.004007459
1.647448061	12.61227367	1.017158389
1.638595101	12.9953956	1.04042685
1.652519272	11.62873669	1.002351999
1.661816723	11.10085053	0.9542841911
1.663071452	12.74558184	0.9497742653
1.664347152	11.9209404	0.9345083237
1.655557024	12.76299786	0.9516221881
1.650254363	12.95874737	0.9712492824
1.642500907	13.20695872	0.9969966412
1.650754785	12.83847674	0.9915335178
1.639075819	11.68775473	0.9882375002
1.651282467	12.98070813	0.980945766
1.637380656	12.5906684	0.9947125316
1.649100267	13.36596923	0.9930848479
1.650425388	13.33744662	0.9937067032
1.663215673	12.47954377	0.9624808431
1.658416722	14.29367637	0.9840367436
1.64455645	13.95531656	1.019022584
1.638011017	14.98048146	1.065110922
1.646715571	15.14729822	1.080818534
1.6436875	15.40744421	1.1052984
1.64806898	6.717463136	0.9692587256
1.63845385	11.22916913	0.9563881159
1.653425308	12.28568887	0.9335976839
1.638629678	12.59547035	0.9479646087
1.648679337	13.82062876	0.9587319493
1.647041779	12.96403214	0.9593706131
1.645131276	13.5530078	0.9720184803
1.653551662	12.3426581	0.9490406513
1.6496145	13.35435565	0.9572966695
1.647113541	13.58462976	0.9706459045
1.646601768	13.66127927	0.9812861085
1.642360453	14.13638334	1.003002286
1.640133063	14.2737987	1.022637486
1.636538045	15.23624554	1.057131052
1.655001047	14.29907002	1.03343761
1.651514342	13.83726142	1.023890734
1.651825818	13.40317094	1.009690166
1.647965388	12.73655105	0.9940176606
1.657757923	12.58134714	0.9590184689
1.678927722	11.68542395	0.8876587749
1.665488504	11.99138775	0.8737547398
1.658006538	12.50341522	0.8788445592
1.656823488	13.90951573	0.9028663635
1.648561669	13.45397772	0.9224294424
1.640491842	13.80728189	0.9491828084
1.648449189	15.14113585	0.9755789042
1.651140798	15.47713069	1.000300765
1.643316767	15.47922011	1.034342885
1.641753781	16.13161306	1.071005464
1.664487964	15.11133154	1.040360093
1.6484789	15.20830438	1.061150908
1.650726765	16.89000807	1.09594357
1.654699085	16.89052819	1.115085244
1.642865654	15.58476381	1.132607102
1.635617958	15.10834137	1.142426133
1.646005785	15.54997673	1.127077341
1.658078768	14.61001596	1.080985785
1.641937049	15.05450606	1.091992855
1.638433681	15.43925176	1.10349679
1.645186478	15.76094233	1.099714756
1.652600901	16.91821611	1.104680419
1.641623698	17.06181581	1.135385275
1.647341793	17.1236072	1.144445181
1.657419801	16.93393192	1.131511569
1.643535492	16.68901854	1.150709987
1.646017388	16.1062107	1.143137217
1.666043071	16.20544665	1.100270152
1.670483024	16.79515471	1.082405925
1.643261738	16.68335133	1.123059869
1.651504445	15.91585004	1.110082865
1.656485852	15.14363836	1.078028917
1.645470984	16.97189818	1.10168457
1.662449136	17.1340146	1.089253545
1.663957684	17.1091152	1.084792972
1.647320383	16.58154982	1.103623748
1.644802835	18.51545182	1.142068863
1.663932881	17.57837405	1.121118069
1.663737728	16.94573406	1.104890466
1.662067011	16.69519241	1.094192147
1.665504525	16.73297781	1.080052614
1.66644231	16.33750291	1.062862992
1.656628896	17.75591216	1.087723017
1.658191583	16.81346234	1.08343339
1.667210095	16.73195842	1.062981606
1.670045712	16.07660333	1.036923647
1.651427219	15.31172755	1.034951687
1.657522875	16.93376526	1.038390636
1.671686072	16.46740783	1.014270663
1.659462799	16.70953512	1.022861958
1.648370595	17.08204079	1.046064258
1.660482169	16.77873825	1.035126686
1.656549269	17.40382932	1.04471004
1.668651511	17.15819752	1.030568838
1.652083095	16.36021681	1.036954522
1.638913545	16.42417788	1.05363965
1.649959728	16.54133458	1.041738868
1.664762397	16.29449341	1.01025331
1.678419872	17.2187418	0.9892378449
1.676356419	16.8190499	0.9805105925
1.676436849	17.35906784	0.9852703214
1.674552466	17.85773564	1.001597166
1.660638413	18.84032505	1.051971197
1.662695505	18.37272592	1.071778417
1.686195143	17.30706544	1.028877497
1.675444499	16.8629291	1.018988132
1.676731865	16.89209584	1.007118344
1.66654914	17.66600631	1.026805043
1.672363113	17.25153242	1.018945932
1.680614525	16.71470096	0.991838336
1.682607099	16.15590989	0.9629358053
1.679533081	16.7134708	0.9569892883
1.67163782	17.04567036	0.9678794146
1.671283689	16.64224677	0.9647289515
1.671537619	16.96462478	0.9651309848
1.670060317	17.16919474	0.9700368047
1.676228615	17.15612558	0.9645115137
1.67529684	17.64000751	0.9724057913
1.685320163	18.00197757	0.972070992
1.677005027	16.66347974	0.9662011266
1.674977865	16.21505211	0.9535065889
1.684122022	17.64463942	0.9531603456
1.678697222	16.90575163	0.9519736767
1.676681582	16.98030423	0.9534528255
1.674164782	17.80252016	0.9706915021
1.665517244	16.96759428	0.9792544246
1.662548921	18.63561601	1.013366938
1.669197979	18.36972311	1.02289784
1.674110504	17.61695017	1.0124228
1.679275083	18.27082765	1.011320353
1.670742841	18.47596069	1.031804562
1.682297426	17.97782933	1.017552972
1.680266142	19.00408686	1.033714533
1.690861666	18.14707189	1.015128851
1.699357274	17.39846134	0.9800745249
1.698052712	15.44880035	0.9267098308
1.685066838	17.68245839	0.9474532008
1.677183367	16.38864936	0.942315042
1.674291725	17.5624667	0.9556964636
1.678870017	16.69691648	0.9402965307
1.67796637	18.07028121	0.9545493126
1.689377159	16.72764654	0.9278763533
1.694698654	17.40939118	0.9175853729
1.68401207	19.02894968	0.9575778842
1.690097957	18.8813145	0.9757438302
1.6964192	19.39583201	0.9931224585
1.697233396	17.81784474	0.9816234708
1.687271188	18.2639267	0.9983434081
1.679397248	19.08942212	1.033219337
1.677822762	19.63930626	1.065994978
1.677894256	19.47104647	1.084796309
1.678252489	18.8746632	1.086450934
1.675081862	19.12986949	1.096679688
1.672374279	18.44342729	1.09408915
1.675014792	17.78115809	1.072773099
1.68099263	18.14278243	1.053077459
1.689493673	17.64054502	1.019780159
1.687995469	17.10982914	0.9932228923
1.697704788	16.52882499	0.9493055344
1.693240803	18.91238247	0.9679724574
1.689100033	20.53542932	1.016971946
1.698563201	19.75418226	1.027622223
1.682292965	20.42515548	1.077683568
1.687692512	19.89255908	1.091247201
1.689672142	20.7524162	1.114207983
1.695311267	20.3562907	1.116936803
1.696042342	19.31668782	1.103204489
1.702801588	20.44541594	1.102506995
1.682103929	20.88181827	1.152498484
1.684568134	21.20737976	1.179395556
1.698807506	20.183071	1.15283668
1.694191409	20.66246085	1.15753448
1.690314613	20.63709792	1.167186856
1.689043021	20.86193607	1.177219272
1.684535429	20.70340197	1.187424779
1.679031456	21.56355831	1.214579463
1.684343647	19.90751973	1.192523003
1.689780801	21.04759905	1.185445309
1.689008707	21.20923961	1.18770957
1.694581765	20.5349044	1.169599891
1.712392506	19.78217082	1.11671102
1.711994956	19.48787956	1.084533572
1.712268557	18.95978321	1.054258466
1.709611851	20.75786985	1.064956546
1.694950501	20.92039809	1.096036673
1.700662668	23.30039656	1.142124057
1.696514568	23.09154615	1.181780457
1.679127964	23.95787454	1.252770185
1.684393513	22.35675667	1.261100411
1.682492582	23.51149745	1.287221551
1.693629403	23.42775385	1.283456802
1.688400394	23.40295149	1.296390533
1.691883927	22.39114618	1.281778693
1.699676097	21.6538215	1.245025039
1.711444043	21.81144285	1.202989817
1.698963663	21.6041964	1.199910998
1.693647498	21.37387066	1.196292996
1.709097029	21.2075646	1.159184456
1.701929499	21.90887666	1.159404635
1.702724772	21.05094991	1.14279139
1.711182919	20.73668201	1.111621499
1.725718775	20.97230817	1.074536562
1.731674832	20.09173828	1.033127546
1.73285448	20.47331009	1.011042833
1.725962376	20.25166724	1.001616001
1.727744387	18.08145523	0.9533389211
1.73039637	17.57994489	0.9026808143
1.722856675	17.42034513	0.8681831956
1.719012562	17.54292228	0.842518568
1.71610299	18.06815928	0.8298073411
1.708332492	18.35467005	0.8278611898
1.724750806	18.67624603	0.817032516
1.72583361	20.79513339	0.8430353999
1.729012373	20.67444728	0.862749815
1.719698685	20.40404953	0.8860155344
1.724506919	20.48139613	0.8997459412
1.723013137	20.2701045	0.9106351733
1.727197409	21.09335917	0.9293152094
1.715417501	21.94451401	0.9768105745
1.712795259	21.2732359	1.002438784
1.703437863	21.97205981	1.04544425
1.721603052	22.29670238	1.054264426
1.727137115	23.50690239	1.083747983
1.730845	23.21918414	1.103742003
1.720088286	22.50246914	1.131335258
1.741353202	23.47132348	1.126456141
1.744761665	22.90302323	1.119670987
1.744750904	22.56172357	1.116036177
1.750493924	21.95333683	1.092363477
1.747471806	22.67663223	1.100096822
1.74073833	22.65773965	1.117513418
1.747318658	23.07503201	1.121860981
1.742486172	22.3689676	1.122195959
1.733149653	22.85553424	1.145148277
1.742063944	22.47780409	1.132266998
1.748828949	21.428293	1.093934178
1.7398315	22.02154845	1.094893813
1.754628547	22.14839029	1.07124877
1.75599203	21.60752783	1.048558354
1.765131826	22.21724101	1.03227675
1.742973868	22.05237298	1.054630876
1.753311183	21.6432438	1.03952527
1.735909568	21.63609018	1.052422762
1.738183552	21.20952386	1.042561054
1.754803492	22.2755893	1.030873537
1.752589223	22.90195245	1.043001771
1.731428152	23.7002498	1.095683217
1.739701729	22.86446101	1.102324724
1.768287547	22.52905104	1.063417077
1.77400598	21.86298276	1.028485298
1.776063431	21.41637079	0.9994835854
1.756389147	22.04770689	1.020729065
1.755989653	21.47389806	1.016852856
1.759778084	21.9650166	1.01347208
1.758195475	21.70388093	1.008770466
1.757262475	22.80695521	1.025360584
1.758285419	23.15125218	1.04313314
1.772144905	23.07433346	1.038927555
1.756635287	22.44555811	1.053001642
1.746612433	23.03634459	1.082896233
1.763327526	22.3527448	1.063414693
1.769259021	22.76576906	1.053561687
1.774094912	22.79319072	1.045582414
1.776753303	22.25982113	1.03111887
1.786256374	22.26610489	1.009674907
1.761843115	22.35853327	1.036433816
1.75312561	22.03628792	1.050881505
1.762960975	23.12009575	1.05942893
1.769660175	22.81738763	1.0542171
1.781263293	22.00855909	1.024401188
1.775228837	21.28381004	1.003727317
1.775037787	21.81054456	0.9964878559
1.768585781	21.58843687	0.9946519732
1.760735778	21.95691842	1.005811572
1.76064026	22.80861539	1.024726272
1.767973046	21.57687587	1.007395387
1.760540194	22.75675661	1.02636683
1.780254547	22.04417797	1.002663374
1.782370406	22.2879046	0.9943563342
1.782280164	21.5261066	0.9790999293
1.769945406	22.83593539	1.009140611
1.769217183	22.24682889	1.017363191
1.775048514	21.16179333	0.9935932755
1.79252813	20.96166539	0.9504496455
1.774270617	22.00579497	0.9693770409
1.759355368	21.66996302	0.9908035398
1.778428115	22.57775755	0.9919883609
1.780587692	21.1735378	0.9706150293
1.773218421	21.94330924	0.9805355072
1.768465703	23.14382342	1.014721394
1.755655088	23.43099759	1.061043739
1.770573997	23.25943396	1.067953587
1.786724719	22.35901698	1.039335251
1.814007122	21.96465392	0.9798390865
1.8183366	21.63502242	0.9411714673
1.793151738	22.02093221	0.9681987166
1.821212581	21.61225038	0.9278455973
1.813599522	21.90642472	0.9265012741
1.813085333	21.38069411	0.9156861901
1.827921304	21.81878439	0.8969812393
1.830503275	22.01343406	0.8922721744
1.815871633	22.93736479	0.9324730635
1.823719409	22.95022234	0.949798882
1.834953965	22.31992924	0.9384668469
1.828571123	22.20707261	0.943197906
1.83142103	22.24159255	0.9437198639
1.834079593	22.56872598	0.9496444464
1.841021516	23.69962068	0.9722260833
1.828429242	22.61508419	0.9897893071
1.830397052	21.24140819	0.9675433636
1.838350571	21.19435328	0.9378806353
1.845694573	20.56118717	0.8970241547
1.830173589	20.81335463	0.8935937881
1.82482227	21.11387561	0.8965849876
1.846356904	21.57922554	0.8825632334
1.852491304	22.14646445	0.8846672773
1.81970647	22.16410221	0.9269851446
1.850680492	22.36024851	0.9217135906
1.849039203	23.0650224	0.9424192905
1.841446108	22.41801853	0.959606111
1.836087302	23.05197115	0.9905680418
1.860164661	22.55083897	0.9736663103
1.858913307	22.86735186	0.9796571136
1.854071396	23.39387682	1.006121159
1.868417757	22.72763087	0.9947761893
1.839189507	23.71743166	1.054788828
1.82561464	22.43980314	1.082364917
1.855632843	21.66154559	1.034956217
1.842064625	21.63983875	1.028001428
1.857288596	21.18364841	0.9912006855
1.829570657	23.2733069	1.042945385
1.863952828	22.3867172	1.014735818
1.855802222	22.43970689	1.016712189
1.864072569	23.12612061	1.021740437
1.860323394	23.44839743	1.042678714
1.878268868	23.03113198	1.02804637
1.87571607	21.75974001	1.007264614
1.887586025	22.18490748	0.9844626784
1.857108079	22.77750453	1.029344916
1.883755134	22.56253775	1.009721637
1.866333289	23.26519952	1.041546226
1.880182721	22.24220861	1.023228526
1.856202819	22.28416794	1.047775984
1.885883518	20.63197233	0.9856433868
1.879559086	22.79132323	0.9970417619
1.878408626	22.17756405	0.9981916547
1.884230958	23.08569771	1.009230018
1.899823932	21.98545185	0.9820632339
1.902407712	22.66056728	0.9796882868
1.877048399	23.77445129	1.038722396
1.883416258	22.85632162	1.04887259
1.881722777	24.00527562	1.080666065
1.886512851	23.24963429	1.084862113
1.883316923	21.67294407	1.066026568
1.881107356	23.7234557	1.091151953
1.908216636	21.97905593	1.040304542
1.899259521	23.42362917	1.054616451
1.887480023	22.14726956	1.060602069
1.894495099	21.45665422	1.035796165
1.889248796	23.27107287	1.058016777
1.902210591	22.45284571	1.042189717
1.921056821	21.32951571	0.9909771681
1.890885245	24.36520946	1.058934331
1.884991035	23.61667436	1.09640336
1.901912529	22.65072063	1.079074621
1.891003648	25.05850244	1.130879641
1.879305981	24.01341356	1.16768527
1.908747531	22.1664047	1.112455249
1.918823445	22.11044602	1.066898584
1.918258316	24.40127131	1.0852319
1.894526368	22.73893533	1.111303926
1.9158383	20.91872155	1.053278565
1.911954091	22.05031287	1.041421294
1.900835237	24.67307293	1.095051169
1.883079341	23.30930112	1.131979227
1.904591451	21.64448532	1.091298461
1.911062356	23.31431858	1.086778641
1.901122911	24.68784379	1.127946496
1.91182064	23.81885838	1.128904343
1.925528027	22.80928557	1.097095251
1.936754668	22.60663989	1.061554551
1.925156431	24.17060782	1.091366768
1.92950731	23.79110674	1.099487662
1.937934475	21.94968015	1.061004877
1.912049513	24.31748673	1.120221019
1.92363822	25.18923509	1.152019024
1.917368057	24.20087582	1.171559453
1.923130204	21.74434428	1.12988317
1.923693413	23.32719647	1.126856208
1.920935887	23.55201719	1.134133935
1.93962714	23.15745288	1.104547977
1.939055131	22.11030791	1.074566603
1.947475429	22.3071438	1.045735717
1.959052837	23.21644786	1.029843807
1.948634968	22.25590187	1.024333119
1.949376711	23.6070822	1.041099787
1.930111173	23.94016233	1.086536407
1.929646014	22.95322833	1.094889522
1.914581731	22.06301869	1.100975156
1.937298482	22.06949125	1.067133307
1.939914515	20.83635308	1.024266243
1.919812539	21.34376463	1.027339578
1.964842931	21.95605225	0.9809485674
1.973346678	21.56694703	0.9459364414
1.963021148	22.60390541	0.9597250819
1.955221924	23.40609054	0.9953725338
1.96797386	22.82065237	0.9952623248
1.943654423	23.85967135	1.052086949
1.957601203	23.18575105	1.056989431
1.939849276	23.28746582	1.091444731
1.95375493	24.15124046	1.107535958
1.945042332	23.50890197	1.126922131
1.953800775	23.76558944	1.131286263
1.965149391	23.37671906	1.115010619
1.961501344	23.53899683	1.120483518
1.995848586	23.65259568	1.073573112
1.967903744	24.69844217	1.127282619
1.959134437	24.75725539	1.176982045
1.959621537	22.42610539	1.161357522
1.980762576	23.05392625	1.121592879
1.952892334	23.87189571	1.164882779
1.972072412	24.17254505	1.160309076
1.968417544	24.20162659	1.171120048
1.951475823	24.1290542	1.206344843
1.947404824	25.01024435	1.245399237
1.949286686	23.98507605	1.248429775
1.972802184	24.69467513	1.223507524
1.981526483	23.91622191	1.191510797
1.987951448	23.93529905	1.167800307
1.962782896	24.40603714	1.209793806
1.973842324	24.32384674	1.208170891
1.946993375	23.8216748	1.244932175
1.961447978	23.11307539	1.219969034
1.969324591	23.85858505	1.203493834
1.96765327	23.55433782	1.194373965
1.971477483	24.82225167	1.203398347
1.972297169	24.91445404	1.214427948
1.985938662	24.42054081	1.195847034
1.979607977	24.26437617	1.198593259
1.976254672	24.6302266	1.211948514
1.970055059	24.3149589	1.224995255
1.979166916	24.44090849	1.217253447
1.978076601	23.66162882	1.204131007
1.983254479	23.49291522	1.183093309
1.982974716	23.43745669	1.169430017
1.988796644	24.51802373	1.16872704
1.978653173	24.30722155	1.184576511
1.993183175	23.83600161	1.162804604
1.988969248	24.76070838	1.174737453
1.985810984	25.07174486	1.195050478
1.982860063	24.70308241	1.208210826
1.980236565	24.88122121	1.223337889
1.983074708	24.08398777	1.214771271
1.98081198	24.82955842	1.224652767
1.976861606	24.63300096	1.234347224
1.976846141	24.10087163	1.230022907
1.991800754	23.89133457	1.198242068
1.980996375	23.83358415	1.198048711
1.99851797	24.73089413	1.182006359
2.005340927	25.79178135	1.186824918
2.017312156	24.70260668	1.162832499
2.032218012	25.32497413	1.141420245
2.028603319	24.87328998	1.138764858
2.02518329	24.16149355	1.133245587
2.010619054	24.27788447	1.15336287
2.012048	24.34106384	1.156456232
2.01393182	23.23622843	1.132645369
2.006844999	23.32907903	1.125300407
2.006066301	24.1605232	1.130368352
2.023175739	24.267291	1.112153888
2.020087392	25.74236066	1.136400819
2.019273168	25.63930788	1.158170223
2.011887469	25.11316556	1.178260207
2.011229073	24.60998033	1.182557702
2.01484635	24.83764315	1.182468057
2.030295626	24.31504757	1.152047753
2.014856312	25.0274297	1.173685551
1.99926667	25.09007058	1.209499598
2.017992529	25.33792724	1.202780843
2.022106048	24.2080577	1.179452777
2.029114038	23.42993234	1.142127752
2.046912172	24.09282339	1.103442192
2.024613413	23.62640071	1.111062527
2.041705468	23.51870412	1.081872582
2.049075479	24.43833875	1.071701288
2.04094424	24.23545697	1.078559875
2.047471526	24.42360945	1.077091098
2.044832843	23.870425	1.073157191
2.053148632	23.18726527	1.046450615
2.059593761	24.24993811	1.040475845
2.055077969	24.20078115	1.046925068
2.035445426	24.71623933	1.087195992
2.048602776	24.68993858	1.091831565
2.048057173	25.16424768	1.108798027
2.052480604	25.08617589	1.117059231
2.04085448	24.38515167	1.130923867
2.047257058	25.08448963	1.140269637
2.05301234	25.68915887	1.152965069
2.029901953	24.9089395	1.188314438
2.033862391	23.6719469	1.175604463
2.028544904	24.37780561	1.182981133
2.03507314	23.41581273	1.158621788
2.031828385	24.18592767	1.15908885
2.033937293	23.89990366	1.150906324
2.026162139	23.92431951	1.156109571
2.040485618	23.86297315	1.136258602
2.040999454	23.53724028	1.120868087
2.051839622	24.19260867	1.107680678
2.045401159	24.25679553	1.11494112
2.062632693	24.16611097	1.094861507
2.034160571	24.90385466	1.143194318
2.047104105	24.08656385	1.136052966
2.042311176	24.85475876	1.154021144
2.039323085	25.74636367	1.187615633
2.051705022	24.35433746	1.16947937
2.04202112	24.2773293	1.176097035
2.065848364	23.30492996	1.122144222
2.060437027	24.07268498	1.116180062
2.068881019	24.33765345	1.105450273
2.061881	23.96845217	1.107955694
2.051555736	24.32094952	1.130207658
2.055843421	24.29965427	1.133814096
2.069476172	23.61009381	1.1041013
2.062889791	23.88864703	1.104064822
2.072283277	24.17377283	1.09508419
2.063905162	23.20535264	1.08823359
2.075704988	22.74504967	1.053964853
2.070387345	24.07135619	1.064881682
2.079802881	22.92784616	1.03937602
2.07194989	22.22101608	1.021395564
2.074200766	24.17331843	1.037913084
2.080810106	22.91059995	1.020733476
2.087649324	23.71337546	1.017552257
2.079934241	24.07018596	1.037945271
2.083713845	24.11140721	1.049382687
2.091637843	25.15906667	1.070743799
2.07238656	25.26377378	1.124329209
2.090864286	23.50688665	1.098121762
2.0861436	23.98506029	1.10175252
2.092887714	24.05729429	1.096469641
2.113824444	23.69226214	1.058594942
2.113953616	23.63218996	1.043299675
2.121988643	22.80301323	1.009290457
2.12989923	22.66111696	0.9755084515
2.126625784	23.90777788	0.9866719842
2.113465108	23.69391734	1.010991454
2.119469384	23.50262497	1.012168169
2.119252397	24.43072785	1.033915281
2.109669258	24.16199931	1.059922218
2.114364121	24.73014687	1.081890583
2.108445691	24.78729044	1.110522389
2.12258402	25.09189741	1.11806953
2.127868534	24.61285341	1.115614772
2.13382076	24.75469122	1.114657164
2.131025549	23.81580534	1.107604742
2.135754257	23.88611437	1.097063422
2.147909055	24.29500492	1.082227111
2.153155397	23.73311199	1.062188148
2.155358977	23.24491466	1.041093469
2.159771192	23.45933056	1.026479959
2.161666973	23.41180586	1.016145468
2.15471705	24.15415419	1.034655333
2.150202591	24.27491758	1.055575848
2.158007482	24.08621875	1.056446433
2.161072764	24.06239486	1.056811571
2.172039814	23.25700478	1.031752467
2.185096355	23.7032709	1.011219859
2.171234137	24.42612216	1.037390471
2.168415086	23.98321517	1.051131845
2.172003888	23.66205545	1.049563885
2.163120032	22.91096937	1.047034383
2.154366986	23.05256977	1.053999066
2.155059776	22.89368882	1.049782276
2.148710873	22.34152972	1.042161465
2.156938603	23.62037807	1.046271801
2.1558313	23.58178767	1.053616524
2.165824382	23.4683194	1.048374414
2.168642661	21.96460181	1.021040559
2.16699368	23.09920261	1.02362895
2.174341581	23.38893428	1.023839712
2.172976552	23.22710211	1.027972221
2.170277799	22.90853318	1.031003952
2.178612192	22.44272801	1.01511991
2.179822863	23.39673071	1.022311926
2.19434147	24.22266857	1.028951168
2.185806533	24.78497118	1.066339612
2.181970488	23.69125899	1.083266973
2.181675091	23.27577738	1.088255167
2.190876072	23.19812685	1.077276707
2.199996743	23.60337245	1.069200039
2.191622768	23.93941122	1.090247393
2.20318029	22.90138098	1.069996119
2.208243254	22.26705471	1.041500211
2.208008781	21.08055188	1.002478957
2.211607575	22.31403788	0.9913144708
2.231787395	22.61141116	0.9663357735
2.24940886	23.05590639	0.9467365742
2.252804953	23.37774208	0.9492433667
2.251739016	24.37493039	0.9826428294
2.266922333	24.07131407	0.9890229106
2.277138768	22.95157597	0.9693132639
2.253315267	22.91476478	0.9988657236
2.248626028	22.15982296	1.002722263
2.244497175	22.2785275	1.006940246
2.230642826	21.67394588	1.010734677
2.238117813	22.15315947	1.005260348
2.226798753	23.67913507	1.044406891
2.232535289	23.24153174	1.057652116
2.232612103	23.44246674	1.074113607
2.23482844	23.37070241	1.08534801
2.23646849	23.2012952	1.09204185
2.236332189	22.69887865	1.091320992
2.248692913	22.81827477	1.078347921
2.247627003	22.7796845	1.076869607
2.249950409	21.9530998	1.061300278
2.240579352	22.05136036	1.065595269
2.224690822	21.66092819	1.078368902
2.232025521	22.21975072	1.078847647
2.233545836	22.19880231	1.078100801
2.221500226	22.13452843	1.092377424
2.215708684	20.2418578	1.074002862
2.22308144	21.71090143	1.06987524
2.228556604	23.20320179	1.087430716
2.234060716	23.42785084	1.104072213
2.241334347	24.2002018	1.126985192
2.244482806	24.77340225	1.159023643
2.243302747	24.21046217	1.184867144
2.252059577	22.61924982	1.166555882
2.248553925	24.11671205	1.191819668
2.248080128	22.57164008	1.187312961
2.240308784	23.35746267	1.211638451
2.255034865	23.67143636	1.205204368
2.25515592	22.0736398	1.181405663
2.255929284	21.82748157	1.160070658
2.265173637	21.98370822	1.132079244
2.268130404	22.26244154	1.117918253
2.2584136	21.89370467	1.120581627
2.255369909	22.87661653	1.1401788
2.254900542	21.77858531	1.134156823
2.262577516	21.41282041	1.11038363
2.249663314	20.79934254	1.103245735
2.272555414	21.07969707	1.065054178
2.259543363	21.76570162	1.074890733
2.263949272	22.18498661	1.082043767
2.251567823	21.23181529	1.089799404
2.273077187	22.27972443	1.080640554
2.273751354	22.39630444	1.085249305
2.281704239	23.1213689	1.096364021
2.282618946	22.05344141	1.093812108
2.289645052	22.24543209	1.088820219
2.287759585	22.3729085	1.097477555
2.29175301	22.77180754	1.10804522
2.275840758	22.33216412	1.138770819
2.271343739	21.56098315	1.147240043
2.261503222	22.74601789	1.184569478
2.277973455	22.35326278	1.173544168
2.265160657	22.34986504	1.193033457
2.265366466	22.82648822	1.211769104
2.252877971	23.25766643	1.25314796
2.271521165	25.14052646	1.280367732
2.254860595	23.56787656	1.315360427
2.276433977	22.11120069	1.271071672
2.260896038	21.66124821	1.270662665
2.278239079	22.55365599	1.245491147
2.277325542	21.43354033	1.220191836
2.286535852	21.16171745	1.182595968
2.260558568	20.99800783	1.201194167
2.285897531	21.38540248	1.165701866
2.290102919	21.07087716	1.137851834
2.304577692	19.56663995	1.076704502
2.286127858	21.09622449	1.090299964
2.27792963	21.74262981	1.115947127
2.281737495	22.74252716	1.141590357
2.293192185	22.91459714	1.150934577
2.271385254	22.83251201	1.196908951
2.275601499	22.61591283	1.214680195
2.26362399	21.09836373	1.222015381
2.279806189	23.62759331	1.234932542
2.260739232	24.7200692	1.303913593
2.255188585	24.20051895	1.352640986
2.255194582	23.45262681	1.372336864
2.264519831	23.4717361	1.366898179
2.272298481	23.24104563	1.349675894
2.281266128	23.89586199	1.337247968
2.277317455	22.82006839	1.33075273
2.285437855	23.69860982	1.323256493
2.276848964	23.83477301	1.345539927
2.276599239	24.76741832	1.374162316
2.263097423	23.96890792	1.411086917
2.267396671	23.38567753	1.408751845
2.271830937	22.83640237	1.387443781
2.279230385	23.42341681	1.367431045
2.272717198	23.41611145	1.37206912
2.286882522	22.89397386	1.337393999
2.292889785	22.23011193	1.299151421
2.285320839	22.37772666	1.293231606
2.286569982	23.54536648	1.300085425
2.295811565	23.28465335	1.286068559
2.277233282	24.62223418	1.333645582
2.26537233	23.76450537	1.369145274
2.262503899	23.17755635	1.380582809
2.266409322	21.58580343	1.352050304
2.27863378	22.96545745	1.327601671
2.27952085	22.70486088	1.311837435
2.289107118	23.23911835	1.294662237
2.293233439	23.96442987	1.292681456
2.27918786	23.25063958	1.311393976
2.282743604	21.22964536	1.283212066
2.269846934	22.1422142	1.293327689
2.276052689	22.49183052	1.286197901
2.276563162	23.01106326	1.287665486
2.279498105	23.18622396	1.287579179
2.266804506	22.78484215	1.304088235
2.263319825	24.03212602	1.332730412
2.272607341	22.60276116	1.315742612
2.263744633	23.28739188	1.33025682
2.262900506	22.62492201	1.329264164
2.272612964	22.29632017	1.304532647
2.268850365	23.18597535	1.309170604
2.267150729	22.2574736	1.3021698
2.270782511	24.20495893	1.316249371
2.266941343	22.47781982	1.312247634
2.27993687	22.39250889	1.282255054
2.278016002	23.6607809	1.288734555
2.284019393	24.6728067	1.301016569
2.284799895	23.44479032	1.297644377
2.270522311	22.96187862	1.317475677
2.281847207	22.43307144	1.292060018