1.455069724	10.10923996	1.502959967
1.443903562	10.98806766	1.505577087
1.444462579	10.49416397	1.507885575
1.437487432	10.49516828	1.509967208
1.44527397	10.2991528	1.511847258
1.448620144	10.2367799	1.513653874
1.452940948	10.3749207	1.515642285
1.44341923	9.869020296	1.518031716
1.455868399	9.327713629	1.520581841
1.458571937	9.916256949	1.523377538
1.447278325	10.05751531	1.526434422
1.442775002	10.52579849	1.529633999
1.45195756	9.770560435	1.533142924
1.436064848	11.17161698	1.536627889
1.452733843	10.57896353	1.541430235
1.438150964	11.53349844	1.544927835
1.447500592	12.54316155	1.549488783
1.452324744	11.93842896	1.554898143
1.453470658	11.54743009	1.56253016
1.441496348	11.77791437	1.568641186
1.446233252	11.38218129	1.572866678
1.454023578	10.98695633	1.576515317
1.455295793	10.63459908	1.583015323
1.458351137	10.64094164	1.588784575
1.442678777	11.48810347	1.593145251
1.437956385	11.03215135	1.598298192
1.427366609	11.88213081	1.603303432
1.437405029	11.00547931	1.607518077
1.436139986	11.36523324	1.612086654
1.43236252	11.67475561	1.615939021
1.440079387	11.81653377	1.618981004
1.442373025	11.35176789	1.622510195
1.447946734	10.97681973	1.624117017
1.440467756	11.79202653	1.62837851
1.520542686	9.736799479	1.631392241
1.494784333	10.33967436	1.632711411
1.482678982	10.03568018	1.630900264
1.4586424	10.57766764	1.634021759
1.447071393	11.40243995	1.634047151
1.449381382	11.58274771	1.629959226
1.434498741	11.56599254	1.621572375
1.445618636	11.77373471	1.614535332
1.436947177	11.62436607	1.61415112
1.465707332	10.03030033	1.614341378
1.460771995	9.70484875	1.610663772
1.457470191	9.732644766	1.610690594
1.450712567	10.44754924	1.609697461
1.448728408	10.65203298	1.607530594
1.458279806	10.36228831	1.604349017
1.469935081	10.08464645	1.60040164
1.467695506	9.899971901	1.593545437
1.453730134	10.1122529	1.585893512
1.453427221	10.35684928	1.574313402
1.451822177	9.695205839	1.561537743
1.466757008	9.182847745	1.549294233
1.455468024	9.625586865	1.543976068
1.450290898	9.334227556	1.512546778
1.460701764	8.881247165	1.518834472
1.464110105	9.13966459	1.518533945
1.462096119	9.142416209	1.511711359
1.468242699	9.343603871	1.472178698
1.451175414	10.18916849	1.404116392
1.460834543	9.891140861	1.346658468
1.469302595	9.519465901	1.318233848
1.453454877	10.13587936	1.271157622
1.457005316	10.0592832	1.237630844
1.458232449	9.52685928	1.201812744
1.474712638	9.578090551	1.144351363
1.466848117	8.831664416	1.128430128
1.469650353	8.843687504	1.125903249
1.461314781	9.171369524	1.118392467
1.482470321	7.534461673	1.14417541
1.469060897	8.252985527	1.124118567
1.477183922	7.924716417	1.066590905
1.469737938	8.165152374	1.022355199
1.467792723	8.772271869	1.005245209
1.466236937	9.454898222	0.9785230756
1.47032011	9.559779108	0.9450322986
1.466942254	9.621989021	0.9289156795
1.471311667	8.954074753	0.9597392678
1.45951544	9.649018714	0.9467684627
1.469043644	8.95961035	0.9385096431
1.454470513	10.37930874	0.9146868587
1.449071816	9.991264113	0.898332417
1.459199829	9.040571803	0.8694207072
1.44883129	9.066858223	0.8730258346
1.462504963	9.191679983	0.8460816145
1.465443102	9.076016139	0.8100349903
1.465136828	9.125005693	0.8275056481
1.474628027	8.723256883	0.8350213766
1.466874899	10.27675277	0.811696291
1.484614975	9.590879343	0.807158947
1.459671789	10.75941394	0.7972940207
1.461519539	10.67514327	0.7706927061
1.45895093	10.64260711	0.7727339864
1.473435549	10.07032765	0.7530013323
1.483130315	9.809249577	0.744671762
1.493482928	9.384116188	0.701762259
1.490909501	9.253954857	0.6975244284
1.490461678	8.205535764	0.6559424996
1.489163818	8.839876166	0.6240186095
1.482102694	9.163045086	0.6064400673
1.502047651	8.987767326	0.574408114
1.498188059	9.279498211	0.580799222
1.490499655	9.154983341	0.5643384457
1.49440868	8.969165913	0.5467168093
1.484216045	8.992780236	0.5474101901
1.506604844	8.584061465	0.5824514627
1.506331929	8.82546036	0.6222968698
1.489336933	9.241989022	0.6596297622
1.492938735	9.709322277	0.6574255228
1.482239578	10.20653146	0.6301692724
1.488063809	9.631141723	0.6530159712
1.489282328	9.822661199	0.633120656
1.496158518	9.644904203	0.5975273252
1.488864306	9.675308967	0.5804648995
1.488528299	10.22690509	0.5535505414
1.492029069	9.187835186	0.53510499
1.47402728	10.30120541	0.5491225719
1.484752656	9.944331778	0.5654367208
1.488242868	11.10868473	0.5991325974
1.481369031	10.81867071	0.6037477255
1.494809376	10.38701373	0.583162725
1.481450525	11.07555797	0.5846222639
1.492039733	10.83910597	0.5993209481
1.496578751	10.80236185	0.6010966897
1.498594484	10.81695431	0.6040062308
1.494249362	10.67115434	0.6097474098
1.50166166	9.945440716	0.623255372
1.502825754	9.63801221	0.6256897449
1.519627891	9.275554382	0.6328715086
1.508102699	9.680131213	0.6247602105
1.507856366	10.28510839	0.6238095164
1.507084049	10.03937599	0.6162487864
1.500184995	9.723512731	0.580480814
1.491567203	10.26890302	0.5895391703
1.496239127	10.51117701	0.5881575346
1.50779466	10.25684715	0.5901594758
1.506059682	10.04313602	0.6125445962
1.483221834	11.04281457	0.6154879332
1.499681601	10.10121061	0.6087036729
1.497242158	10.7537988	0.6120567918
1.493574393	10.7345075	0.628213048
1.495228896	10.07483497	0.6429030299
1.493128157	9.789136445	0.6590738893
1.498365339	9.376737867	0.6912492514
1.502531748	9.646727051	0.6794811487
1.504807552	10.0175747	0.6558905244
1.503175969	9.785792401	0.6326278448
1.508715574	9.731310478	0.6147927046
1.499373051	10.551651	0.6181138158
1.475901825	11.00624514	0.6137368083
1.48645578	10.65063445	0.5799722672
1.491456422	9.863749379	0.5775535703
1.495217495	9.787330474	0.5984799862
1.495910594	10.21034966	0.6315586567
1.495874432	10.30425616	0.6377814412
1.482988369	10.48748992	0.645616293
1.505407885	9.271072549	0.6455365419
1.528876471	8.662395318	0.6153885126
1.520736884	8.497959299	0.5904085636
1.518456561	7.436778833	0.5673562288
1.507273501	8.466448658	0.5501099825
1.502501522	8.251751421	0.5691596866
1.50781291	8.495622034	0.5915421844
1.525799945	7.313531776	0.6054952145
1.50801564	7.480660874	0.624661088
1.488566967	9.289064119	0.6599001884
1.484621149	9.478049492	0.6737719178
1.492293815	9.338720497	0.692163527
1.512325076	8.225766625	0.7092646956
1.513366726	8.1415362	0.7465851307
1.551381916	7.15141669	0.7441872358
1.543194654	7.406918388	0.7451290488
1.518319049	8.478426719	0.7317673564
1.518833624	7.787705586	0.7317599654
1.537513771	6.925615886	0.7414669991
1.521305247	7.824666583	0.759469986
1.518290845	7.368484363	0.7571275234
1.524319061	7.161630932	0.7431281209
1.526728403	7.278170501	0.7560784221
1.511273109	7.862733273	0.7899628878
1.515709244	8.187727342	0.7915490866
1.518915054	7.639389949	0.7820040584
1.524464203	7.599692253	0.7955284715
1.525121092	7.713952119	0.81614393
1.507617146	7.654722364	0.8307344913
1.535926749	6.320566638	0.8413879275
1.534083507	6.145611982	0.8252953887
1.537456713	6.212980437	0.8121796846
1.528184815	6.623660743	0.7726790309
1.521094219	6.302050571	0.7781338692
1.538008606	6.164474271	0.7737754583
1.534891588	6.800136875	0.7993447781
1.526431401	6.754263023	0.7979350686
1.521762333	7.613231024	0.8246518373
1.530343933	7.219470484	0.8205499649
1.522764064	7.545397824	0.8230422735
1.516975232	7.553848191	0.8470645547
1.531587473	5.971674358	0.8398494124
1.542422401	5.352764775	0.8473189473
1.523962886	6.7490966	0.8375595808
1.528412626	6.23424984	0.8112294674
1.508619146	7.858357481	0.812104404
1.516020254	8.093561682	0.7982702255
1.516782837	7.689128471	0.7799159884
1.521548542	6.785792829	0.7669851184
1.517010071	7.26650198	0.7534089088
1.534869336	6.529279168	0.7505971789
1.533344235	6.671606864	0.7555839419
1.537413242	6.597851318	0.7541003823
1.522269084	7.296032107	0.7442429662
1.528603295	7.281008225	0.7538717985
1.513803111	7.527838171	0.7715567946
1.510501448	7.386957104	0.7643024921
1.533180796	6.917268293	0.7647457123
1.524417818	7.13950779	0.7798112035
1.518147052	7.082917657	0.7732727528
1.524843241	7.434761214	0.7787869573
1.530076906	7.346584085	0.7633276582
1.524119239	8.038621415	0.7766076326
1.518255139	7.945183316	0.7822457552
1.515967074	7.911600375	0.7921134233
1.514191582	8.409424151	0.7749686241
1.523176332	7.828660424	0.7717539072
1.515521689	7.56107758	0.7833200097
1.513283099	7.829625426	0.7930977941
1.511865849	8.12448102	0.7943499684
1.513588917	8.159434553	0.8035542965
1.520315949	8.19035915	0.8236693144
1.515374386	8.275149855	0.8446158171
1.542192314	7.137545091	0.8459602594
1.524475408	8.186894692	0.8428456783
1.52197985	8.137123162	0.8444159031
1.538349351	7.048558642	0.8547776937
1.525287032	7.288192719	0.8350710869
1.511376204	8.015835293	0.8237720132
1.518985511	7.07110855	0.8134913445
1.525682827	7.191622897	0.7885987163
1.524196907	7.813953056	0.7920662761
1.535650833	7.067277581	0.8035078645
1.551994289	6.416535515	0.8313117623
1.544549432	7.084354677	0.8512994647
1.5409659	7.218878129	0.8672988415
1.534704869	7.641771262	0.8971965909
1.529938015	7.222408837	0.9095695019
1.524076058	7.049208373	0.89486444
1.530707285	7.641477084	0.9004247785
1.531198936	8.010703369	0.8970082402
1.519482658	8.072342032	0.8729299307
1.530086163	7.541383651	0.8565220833
1.541432909	7.750498233	0.8354482651
1.5393715	8.082684143	0.8365149498
1.543500727	7.504217203	0.8292155266
1.550222299	6.727945261	0.8525137305
1.550331541	6.866339522	0.8648595214
1.543448172	6.851218396	0.8878456354
1.540783205	6.4941649	0.9081107378
1.530051574	7.361399288	0.9308106899
1.549977217	6.568977939	0.9083333611
1.557238376	6.475172637	0.9036857486
1.545790222	6.74957881	0.9313231707
1.554166542	6.796286787	0.9494766593
1.543295771	7.184766471	0.9351284504
1.567978344	5.420101108	0.8718054891
1.54934076	6.548147855	0.8443619013
1.550106652	6.56543735	0.8262018561
1.547452819	6.297465177	0.8261120319
1.557649103	5.892102925	0.8394930959
1.555535278	6.209953008	0.8078114986
1.552441027	5.602513162	0.7792892456
1.553884943	5.25979278	0.7536024451
1.548278652	5.746233212	0.7641631961
1.560904417	5.469551066	0.7956285477
1.554448625	6.044722627	0.8635552526
1.550500051	5.816870225	0.9135888815
1.543810339	6.015557202	0.9191067219
1.548098018	5.976013382	0.8792380095
1.547183148	6.121945495	0.8947858214
1.552790401	5.765851787	0.895139575
1.552982743	5.526448373	0.9032471776
1.547668176	5.702665764	0.9024902582
1.539439027	6.183684351	0.9110379815
1.549116942	6.059699072	0.9161578417
1.555343347	5.83321671	0.9562051892
1.556834969	5.512907947	0.9804518819
1.550493871	6.234781333	1.008062005
1.543299425	5.796251362	1.053791642
1.547024752	5.892295036	1.039041758
1.562620426	5.303113196	1.033161402
1.553830984	5.213227787	1.030416965
1.547974876	5.582970264	1.027367234
1.54448085	5.328469776	1.020610332
1.542059001	5.593038433	1.01962781
1.538834226	5.838829443	1.040043473
1.553371342	5.047980779	1.038176298
1.546277449	5.584578271	1.01728642
1.527034074	6.295713015	1.014077663
1.529482018	6.506360453	1.025258899
1.516590882	6.581968667	1.014839411
1.535078243	5.428613637	1.013684988
1.535190324	5.809082843	1.02248764
1.558287139	5.216639251	1.022086978
1.537836745	5.640262013	1.028070569
1.5457075	5.370302843	1.045568824
1.530737365	5.376996711	1.042660713
1.553460828	4.398648467	1.039326072
1.539317331	5.141684802	1.02884388
1.538966543	5.759129412	1.032454491
1.56024431	4.66133613	1.041294932
1.540956787	5.48013166	1.029788375
1.538364876	5.314952186	1.00213623
1.541245235	5.060702036	0.9746587873
1.550847002	5.257647389	0.9670479894
1.57354192	3.620990701	0.9934260845
1.587159921	3.053511091	1.019904733
1.552332676	4.627634979	1.040691733
1.551171694	4.869064749	1.041533113
1.541571581	4.919824699	1.049412966
1.506586242	6.510586878	1.055001259
1.482123672	7.608842077	1.043031216
1.497822101	7.037954646	1.026093006
1.530948988	5.875574076	0.9911522269
1.527723611	5.328338554	0.9972536564
1.55804386	4.408808421	0.999527812
1.556687702	4.383361953	1.007718921
1.565307088	4.850003219	1.00277853
1.542427426	5.117281709	0.9961082339
1.523419751	5.604428091	0.9665060639
1.51952119	5.461202076	0.9538425803
1.560253382	4.178832245	0.9648813605
1.541092311	4.934067068	0.9526433945
1.525531249	5.413763682	0.9564399719
1.525586774	5.629099367	0.9745656848
1.527435469	5.642572639	0.9706150293
1.535023377	5.133422217	0.9587657452
1.553709295	4.945228432	0.9776874185
1.535447318	4.625564206	0.9902724624
1.553795722	4.008518774	1.01711905
1.524303722	5.191328703	1.040011168
1.542393391	4.861404892	1.052178264
1.527348194	4.670363664	1.05118072
1.548311277	4.417111453	1.064520836
1.54211079	4.506139778	1.061698914
1.534581793	4.678768806	1.087403297
1.537065412	4.635127079	1.095811248
1.532468562	5.137973303	1.100804448
1.522405434	5.685009761	1.092364073
1.536710066	5.662469523	1.092493892
1.533756146	5.378346048	1.083738446
1.534957126	5.151169459	1.112517238
1.530037893	5.40398836	1.091296673
1.535267384	4.9020789	1.086576104
1.531373394	4.955960461	1.077352881
1.526984891	5.050813274	1.074661613
1.529064921	4.850092001	1.08808732
1.537385245	4.551338145	1.119040132
1.528682993	5.010420473	1.104806542
1.544383438	4.250661669	1.093845129
1.542082831	4.149051928	1.114931107
1.536097812	4.609158002	1.096587896
1.539234032	4.47128384	1.100231528
1.53117521	5.110044977	1.10397315
1.547433981	4.496723028	1.084502339
1.542913552	4.447031012	1.076128721
1.54973977	4.246076414	1.054529667
1.559190573	3.338296051	1.057749033
1.572004852	3.281979039	1.018808842
1.555439632	3.563481611	1.013412476
1.540216072	4.029897877	0.9789289236
1.537236931	4.563223108	0.9559115767
1.541645342	4.191927362	0.9521801472
1.531746834	4.243843496	0.9667371511
1.542096428	4.480300642	0.9920487404
1.534289971	4.645448141	0.991625607
1.531169424	4.945264839	0.9651482701
1.550072592	4.122334117	0.9728579521
1.56725659	3.78634365	0.9777503014
1.5423431	4.520745532	0.9615420103
1.574963807	2.879927818	0.9640466571
1.546422822	4.054094634	0.9591194987
1.530604101	4.521355957	0.9669421315
1.533585112	4.736443717	0.9881203771
1.5429955	4.157657636	0.9817411304
1.536363245	4.675341486	1.009810209
1.545897919	4.080476586	1.019036293
1.537766454	4.713189668	1.026370168
1.556565116	3.970049119	1.026400566
1.540371219	4.395334977	1.039467096
1.548236273	3.995307217	1.020533085
1.54290036	3.94390377	1.030319095
1.557091249	3.458298234	1.067161918
1.560308156	3.511781727	1.044152141
1.548544067	3.888676807	1.026484489
1.552988792	3.318969246	1.051113725
1.545652822	3.47736254	1.055936813
1.530602213	4.358875695	1.007259369
1.528051489	4.529957502	0.9852164388
1.527117607	4.798498098	1.007727861
1.532671188	4.697637546	1.022828102
1.519486927	4.653782453	1.035702109
1.522172787	4.750781216	1.044399858
1.525148077	4.340608659	1.067192912
1.550822678	3.698669968	1.059430242
1.546212666	3.345722193	1.06657505
1.552429224	2.632059281	1.065526962
1.548196586	2.992119746	1.082075953
1.548315349	3.132467834	1.059126258
1.535530571	3.516851584	1.049319625
1.535225913	3.476643437	1.055968285
1.55033563	3.0850327	1.019556522
1.544607928	3.398015922	1.00510478
1.539548219	3.392119519	1.005976677
1.542326595	3.011910835	1.012707591
1.519825891	3.771785137	1.00756526
1.534067783	3.174972954	1.012408495
1.537843384	3.139761846	1.02962935
1.525443146	3.780557561	1.005293369
1.54291207	3.115716911	0.9850198627
1.523963429	3.507034291	1.007999778
1.529774795	3.069244813	1.006955862
1.521528859	3.598895086	0.9979817867
1.530577148	3.0240661	0.9864020348
1.519630277	3.457820441	0.9604043961
1.536309677	3.133905977	0.9506199956
1.520426634	3.37328572	0.9401118159
1.538725819	3.055462065	0.9126537442
1.510618276	3.214266432	0.8961216211
1.50239444	4.138639946	0.8982646465
1.531523318	2.104303365	0.9117699265
1.533498064	1.926942333	0.9237575531
1.544033173	2.761389103	0.9242098927
1.542152146	2.176578406	0.9327486157
1.525319144	2.029425386	0.9809625745
1.517282507	2.545551204	0.9860504866
1.545998939	2.445570842	0.9765675664
1.538893492	2.214904936	1.011664033
1.511502056	2.608888469	1.051939964
1.504426629	2.744906463	1.027151823
1.503940342	3.220293827	1.009185791
1.51534157	2.923664665	1.003713012
1.54639041	2.219957852	1.010463595
1.556894332	2.224102328	0.9859933257
1.56050009	1.256486432	0.9759938121
1.541097234	1.073842281	0.982873559
1.548300795	0.327202041	0.9845740199
1.522984802	1.513804104	1.020115495
1.52153305	1.847252829	1.025308371
1.507787151	2.213894797	1.022505879
1.521620385	1.965328246	1.004680157
1.516068359	1.540213769	0.9905257821
1.527928352	1.593047075	0.9837183356
1.541665927	1.544648068	0.9396597743
1.548651189	1.547014412	0.9393391609
1.53554127	1.860065694	0.9350012541
1.524194923	2.17956647	0.9414781928
1.518420738	2.108798966	0.9789521694
1.527917637	1.011409045	0.9746760726
1.527643939	1.342309805	0.9714415073
1.537846597	1.49530477	0.9679155946
1.523580466	1.954318308	0.9731033444
1.523096647	1.141424717	0.9869675636
1.528452554	1.164010172	0.9881611466
1.54951576	1.090957768	0.9991474748
1.543429435	1.726938206	1.013365149
1.530438402	1.258507508	0.9896346927
1.550439248	0.7260874118	0.9882781506
1.530212893	1.757357985	1.012997508
1.536472841	0.8935417541	1.017692208
1.563087981	-0.0458309458	1.025623202
1.519265613	1.652760283	1.004007459
1.502090203	1.641098562	1.017158389
1.534321474	0.9407784321	1.04042685
1.517950806	1.658473742	1.002351999
1.535137148	1.973584111	0.9542841911
1.529930755	1.832793417	0.9497742653
1.552839399	1.292632036	0.9345083237
1.540710422	0.893363745	0.9516221881
1.550182783	0.574748251	0.9712492824
1.560227271	-0.5647649186	0.9969966412
1.541191902	0.05199523783	0.9915335178
1.535215036	0.542356529	0.9882375002
1.533170721	0.524935198	0.980945766
1.543736938	0.7945885659	0.9947125316
1.564589394	0.652723381	0.9930848479
1.538836271	0.6965766345	0.9937067032
1.558722419	-0.6016968598	0.9624808431
1.535802294	0.1022828154	0.9840367436
1.531466283	0.001006545605	1.019022584
1.553688123	-0.3466691012	1.065110922
1.544332289	0.3225725531	1.080818534
1.552347032	-0.4126495826	1.1052984
1.53322046	0.2247143451	0.9692587256
1.524370455	0.8617976479	0.9563881159
1.522785807	0.2300620095	0.9335976839
1.544988866	-0.7735988313	0.9479646087
1.548162627	-0.3396626929	0.9587319493
1.5280754	0.6392723585	0.9593706131
1.522900532	0.6347697164	0.9720184803
1.513677225	1.06511708	0.9490406513
1.53022815	0.0348894222	0.9572966695
1.531448464	0.3880622864	0.9706459045
1.542085541	-0.320858761	0.9812861085
1.536121181	-0.1831789967	1.003002286
1.525209059	0.6126521666	1.022637486
1.544767052	-0.346311014	1.057131052
1.526535836	0.5869049576	1.03343761
1.524853057	0.7678604504	1.023890734
1.526706679	0.9903064792	1.009690166
1.542041388	0.1110316487	0.9940176606
1.53874788	-0.1974747621	0.9590184689
1.529977701	0.5103397492	0.8876587749
1.537407546	-0.1194325274	0.8737547398
1.537210859	0.02391896081	0.8788445592
1.513532501	0.655669027	0.9028663635
1.516471596	0.8043943813	0.9224294424
1.516997123	0.3051145498	0.9491828084
1.526991028	0.1215969096	0.9755789042
1.531033961	-0.004041830425	1.000300765
1.530841904	-0.137807153	1.034342885
1.534375653	-0.4349488556	1.071005464
1.525392152	-0.1659809592	1.040360093
1.528874269	-1.105571686	1.061150908
1.522749203	-1.292553775	1.09594357
1.529696018	-0.6319670417	1.115085244
1.535923739	-0.3664067618	1.132607102
1.522159274	0.172070623	1.142426133
1.528844719	-0.3165266692	1.127077341
1.531930239	-0.8733034701	1.080985785
1.54493491	-0.8121510051	1.091992855
1.565092772	-1.69602537	1.10349679
1.570722035	-2.363721767	1.099714756
1.549723349	-2.171947868	1.104680419
1.555266297	-2.380967669	1.135385275
1.535461135	-1.652428042	1.144445181
1.529797954	-1.541409442	1.131511569
1.522391773	-0.912662381	1.150709987
1.516526826	-0.6127850286	1.143137217
1.505421262	-0.4772623779	1.100270152
1.528840001	-1.37202936	1.082405925
1.512815421	-0.6458949048	1.123059869
1.486632044	0.390537069	1.110082865
1.48180396	-0.2679384353	1.078028917
1.488112906	-0.1197570366	1.10168457
1.508315149	-1.384905566	1.089253545
1.528362865	-2.043396355	1.084792972
1.506356986	-0.9007620026	1.103623748
1.498540921	-0.9408930554	1.142068863
1.506647669	-0.829185827	1.121118069
1.502530931	-0.7697144564	1.104890466
1.489413398	-0.4390877757	1.094192147
1.485549723	-0.4709151031	1.080052614
1.492204142	-0.6954220316	1.062862992
1.508136073	-1.689350018	1.087723017
1.515818889	-2.396265481	1.08343339
1.510518139	-2.765406355	1.062981606
1.516543249	-2.862408995	1.036923647
1.495120088	-1.836412555	1.034951687
1.514690857	-2.44140032	1.038390636
1.520203972	-3.12832145	1.014270663
1.514917011	-3.45160331	1.022861958
1.508142866	-2.968476992	1.046064258
1.499187097	-2.519622065	1.035126686
1.513864103	-3.144624336	1.04471004
1.534434615	-4.058664355	1.030568838
1.547756533	-4.283233027	1.036954522
1.523429923	-3.751923828	1.05363965
1.515541543	-3.798117766	1.041738868
1.531152301	-4.711977119	1.01025331
1.521409231	-3.479728203	0.9892378449
1.497026315	-3.074987469	0.9805105925
1.502054723	-3.467645065	0.9852703214
1.501982758	-3.644855753	1.001597166
1.496555981	-4.361374787	1.051971197
1.508791374	-3.128592471	1.071778417
1.479173508	-2.690615971	1.028877497
1.502135963	-3.007179255	1.018988132
1.475902074	-3.085026724	1.007118344
1.523340518	-4.300264843	1.026805043
1.488271	-3.044614604	1.018945932
1.523429299	-4.241509687	0.991838336
1.532882808	-5.911590403	0.9629358053
1.521628205	-5.406035213	0.9569892883
1.482953725	-4.595818902	0.9678794146
1.475617743	-3.884983976	0.9647289515
1.518746555	-5.33062558	0.9651309848
1.471318813	-3.819775907	0.9700368047
1.478816589	-4.058850162	0.9645115137
1.530929979	-5.954842126	0.9724057913
1.522069287	-6.419227601	0.972070992
1.473155429	-4.343893077	0.9662011266
1.467891302	-3.515740252	0.9535065889
1.520959909	-4.682108092	0.9531603456
1.522966441	-6.199748133	0.9519736767
1.483671959	-5.111340055	0.9534528255
1.458862007	-4.040868896	0.9706915021
1.497305247	-4.386366407	0.9792544246
1.53002423	-5.406442531	1.013366938
1.520523776	-5.524326154	1.02289784
1.527625478	-7.014789125	1.0124228
1.484695473	-4.727201456	1.011320353
1.48031207	-4.754116463	1.031804562
1.479992475	-4.768296523	1.017552972
1.467484942	-4.188445759	1.033714533
1.474025868	-4.1668246	1.015128851
1.468334682	-3.70998579	0.9800745249
1.474034083	-3.672082767	0.9267098308
1.491595127	-3.604503452	0.9474532008
1.486289446	-3.559825207	0.942315042
1.491030158	-4.396790892	0.9556964636
1.462820947	-3.473743155	0.9402965307
1.462794455	-3.904584938	0.9545493126
1.447663552	-3.650240244	0.9278763533
1.45351254	-3.893690313	0.9175853729
1.439904706	-3.003328393	0.9575778842
1.469668941	-4.626146765	0.9757438302
1.49148627	-6.35156649	0.9931224585
1.494558416	-5.845831981	0.9816234708
1.520432877	-5.636651767	0.9983434081
1.495571673	-5.049958312	1.033219337
1.476895351	-4.534207186	1.065994978
1.468310355	-5.078983958	1.084796309
1.488394132	-5.247612092	1.086450934
1.5021004	-4.117901569	1.096679688
1.482727364	-3.821930107	1.09408915
1.462577837	-3.543432113	1.072773099
1.467090937	-4.063373384	1.053077459
1.477503582	-3.678016231	1.019780159
1.45555188	-2.694938648	0.9932228923
1.472976014	-4.085330478	0.9493055344
1.469504535	-3.173065394	0.9679724574
1.450666873	-3.610023569	1.016971946
1.486145765	-4.599959681	1.027622223
1.480084437	-3.561645761	1.077683568
1.465581357	-3.398708414	1.091247201
1.469306495	-3.105962581	1.114207983
1.499227246	-5.029493437	1.116936803
1.489313204	-4.991386235	1.103204489
1.48462152	-5.582041418	1.102506995
1.478872301	-4.942253917	1.152498484
1.462805113	-3.904126331	1.179395556
1.46259959	-4.445010865	1.15283668
1.460490825	-4.170001391	1.15753448
1.46116949	-4.382819267	1.167186856
1.453431863	-4.38791667	1.177219272
1.48044101	-5.632247669	1.187424779
1.456255777	-4.542852606	1.214579463
1.459228663	-4.630819462	1.192523003
1.465593159	-4.755811567	1.185445309
1.438647157	-3.588791299	1.18770957
1.432372936	-3.506661074	1.169599891
1.424157518	-2.722756162	1.11671102
1.424100956	-2.514889334	1.084533572
1.449203509	-4.155045488	1.054258466
1.456580907	-4.825337801	1.064956546
1.45658319	-4.954255884	1.096036673
1.462728633	-5.071108259	1.142124057
1.44821242	-4.808717635	1.181780457
1.462964803	-6.384856492	1.252770185
1.46972654	-6.424081886	1.261100411
1.461115021	-6.230067746	1.287221551
1.460893165	-6.331123963	1.283456802
1.474064688	-7.218316423	1.296390533
1.47350208	-7.603856999	1.281778693
1.453185879	-6.233566338	1.245025039
1.444675115	-5.493256784	1.202989817
1.469951765	-6.877864669	1.199910998
1.449668091	-6.075864825	1.196292996
1.454160501	-6.911002041	1.159184456
1.451590166	-6.277605106	1.159404635
1.465581004	-7.418133857	1.14279139
1.469557161	-8.315065169	1.111621499
1.453247448	-7.928027175	1.074536562
1.447777324	-6.941726424	1.033127546
1.446926904	-7.273045773	1.011042833
1.44801452	-7.177291642	1.001616001
1.446592255	-7.393280175	0.9533389211
1.444692255	-7.450745775	0.9026808143
1.424083874	-5.910716561	0.8681831956
1.428718583	-5.49274451	0.842518568
1.410808659	-5.072879205	0.8298073411
1.398576692	-5.202248791	0.8278611898
1.417156772	-5.968085126	0.817032516
1.429015108	-7.195873153	0.8430353999
1.41728579	-7.348018008	0.862749815
1.413753384	-6.674083917	0.8860155344
1.404541516	-6.949728263	0.8997459412
1.404040344	-7.420131241	0.9106351733
1.419580721	-7.513880293	0.9293152094
1.405234288	-7.02005631	0.9768105745
1.392860126	-6.154906006	1.002438784
1.391241861	-6.100729605	1.04544425
1.399344231	-6.394654415	1.054264426
1.400402912	-7.206890635	1.083747983
1.415174043	-7.879379849	1.103742003
1.420352988	-7.896923567	1.131335258
1.415642741	-8.381784507	1.126456141
1.416687703	-8.071688778	1.119670987
1.41137981	-6.766540659	1.116036177
1.404003717	-6.848663941	1.092363477
1.402499879	-7.678319753	1.100096822
1.410371628	-7.842174483	1.117513418
1.39788839	-6.686065269	1.121860981
1.382377378	-6.420958268	1.122195959
1.38694681	-5.953384682	1.145148277
1.376440678	-5.434978384	1.132266998
1.374855659	-6.721965355	1.093934178
1.374048961	-6.479401158	1.094893813
1.36067084	-6.57355041	1.07124877
1.375130755	-6.829572419	1.048558354
1.39151652	-7.499783505	1.03227675
1.397700874	-8.703510854	1.054630876
1.398998547	-8.588641572	1.03952527
1.39401128	-7.669919666	1.052422762
1.393219314	-7.587790194	1.042561054
1.38876601	-7.121660613	1.030873537
1.391716872	-7.510179533	1.043001771
1.388573213	-6.910864536	1.095683217
1.372030147	-6.010386798	1.102324724
1.373415094	-6.296165021	1.063417077
1.365032147	-6.016687561	1.028485298
1.347712568	-5.166656623	0.9994835854
1.361391237	-6.281438321	1.020729065
1.368407317	-5.496650739	1.016852856
1.351699171	-4.100495905	1.01347208
1.349534336	-4.816101555	1.008770466
1.363390963	-5.438085179	1.025360584
1.343928722	-4.259708869	1.04313314
1.317962487	-3.415382666	1.038927555
1.341615131	-4.26090062	1.053001642
1.346753667	-4.853369354	1.082896233
1.344050502	-5.055821308	1.063414693
1.349734443	-5.410710529	1.053561687
1.327207595	-3.596900107	1.045582414
1.342625209	-4.965665592	1.03111887
1.334005345	-4.749895921	1.009674907
1.343053231	-5.315517209	1.036433816
1.34558329	-5.037139782	1.050881505
1.335543599	-4.712460266	1.05942893
1.340210044	-5.537056597	1.0542171
1.332034353	-4.942758004	1.024401188
1.345690039	-5.325761444	1.003727317
1.345342678	-5.692689606	0.9964878559
1.342310635	-5.946692199	0.9946519732
1.344793818	-6.729243002	1.005811572
1.327366814	-5.658849571	1.024726272
1.331881762	-5.757135846	1.007395387
1.357608545	-6.356125236	1.02636683
1.357725609	-7.280766942	1.002663374
1.355503309	-7.747293293	0.9943563342
1.354473134	-7.406087151	0.9790999293
1.342750595	-6.171961036	1.009140611
1.341000785	-5.999496341	1.017363191
1.332583987	-6.357521963	0.9935932755
1.332434793	-5.720109769	0.9504496455
1.33967449	-5.950325357	0.9693770409
1.326851261	-5.189602614	0.9908035398
1.323242255	-5.458887917	0.9919883609
1.310642747	-5.174563566	0.9706150293
1.31244528	-5.95794481	0.9805355072
1.32668175	-7.747727014	1.014721394
1.336755315	-7.976521242	1.061043739
1.345484529	-8.189324513	1.067953587
1.330652951	-7.098647656	1.039335251
1.355201457	-8.721999757	0.9798390865
1.333022389	-8.353205585	0.9411714673
1.340856621	-8.370750787	0.9681987166
1.34972875	-8.977198443	0.9278455973
1.332212484	-7.448230377	0.9265012741
1.316771715	-6.799081499	0.9156861901
1.320770026	-7.06324542	0.8969812393
1.323379146	-6.929304625	0.8922721744
1.323666559	-8.516612738	0.9324730635
1.318323226	-7.492830523	0.949798882
1.324686709	-8.390123602	0.9384668469
1.326239464	-8.111178996	0.943197906
1.325285161	-8.672929796	0.9437198639
1.32517919	-8.128304688	0.9496444464
1.313500459	-6.117789435	0.9722260833
1.297662203	-6.291985495	0.9897893071
1.300246657	-6.30143651	0.9675433636
1.279193989	-6.26511322	0.9378806353
1.276815619	-6.084439096	0.8970241547
1.28657506	-6.216668906	0.8935937881
1.281706801	-7.71178522	0.8965849876
1.29026597	-7.13191023	0.8825632334
1.30051131	-7.974075937	0.8846672773
1.294588133	-7.138114401	0.9269851446
1.281592518	-6.992276746	0.9217135906
1.283500586	-7.401789347	0.9424192905
1.266384288	-7.058475704	0.959606111
1.285013461	-7.882392006	0.9905680418
1.295012853	-7.217921376	0.9736663103
1.271299881	-6.039086046	0.9796571136
1.287988603	-7.876616216	1.006121159
1.291569916	-7.598933527	0.9947761893
1.270511211	-7.779992235	1.054788828
1.290513335	-8.983545335	1.082364917
1.30067803	-8.292356825	1.034956217
1.258511931	-7.66275811	1.028001428
1.274320044	-8.341625012	0.9912006855
1.273356874	-7.996329459	1.042945385
1.267661594	-7.548584504	1.014735818
1.249798709	-7.347213929	1.016712189
1.26599106	-8.558681261	1.021740437
1.290787118	-9.67132597	1.042678714
1.293877936	-9.84968181	1.02804637
1.278549599	-8.881134951	1.007264614
1.264159433	-7.202331107	0.9844626784
1.239290234	-5.878320582	1.029344916
1.220739446	-6.112437155	1.009721637
1.230116915	-7.784011831	1.041546226
1.254568817	-9.289128547	1.023228526
1.259580581	-9.753426596	1.047775984
1.275949837	-10.65093368	0.9856433868
1.277393916	-10.47544915	0.9970417619
1.291022491	-10.72823941	0.9981916547
1.299149316	-11.32030248	1.009230018
1.289874631	-10.51937062	0.9820632339
1.290765464	-10.95963395	0.9796882868
1.280088132	-10.61466112	1.038722396
1.274944135	-9.875173952	1.04887259
1.26737735	-9.087146017	1.080666065
1.254153887	-9.010077022	1.084862113
1.257417926	-10.21556945	1.066026568
1.257143534	-9.983575348	1.091151953
1.252197895	-9.775986723	1.040304542
1.231068095	-8.236053469	1.054616451
1.225139519	-8.357801405	1.060602069
1.199629296	-7.615899117	1.035796165
1.185751359	-6.530879252	1.058016777
1.191569862	-5.708966163	1.042189717
1.193672216	-5.545255998	0.9909771681
1.203197158	-5.600613958	1.058934331
1.211396523	-5.729886636	1.09640336
1.231066047	-6.650641274	1.079074621
1.238610745	-7.140574521	1.130879641
1.259376776	-7.122879576	1.16768527
1.275931214	-8.11759754	1.112455249
1.273940952	-9.083939562	1.066898584
1.286957834	-10.05246322	1.0852319
1.282648583	-10.13325562	1.111303926
1.270834553	-10.35060541	1.053278565
1.251201204	-9.276414247	1.041421294
1.232881801	-8.207086524	1.095051169
1.223463412	-8.394588057	1.131979227
1.22012171	-8.590734676	1.091298461
1.219047661	-8.090263173	1.086778641
1.219193964	-8.277907943	1.127946496
1.232094443	-8.100018453	1.128904343
1.244481495	-8.907472337	1.097095251
1.274015183	-10.14552097	1.061554551
1.266680774	-8.7277442	1.091366768
1.271179767	-7.697879478	1.099487662
1.273987113	-7.328916643	1.061004877
1.252118218	-6.421240751	1.120221019
1.232147317	-6.475293201	1.152019024
1.191933611	-4.302984887	1.171559453
1.197773386	-4.566290405	1.12988317
1.196215621	-5.987567834	1.126856208
1.224989787	-7.046360747	1.134133935
1.253571858	-7.814409382	1.104547977
1.255328942	-6.847063976	1.074566603
1.236141222	-6.467188397	1.045735717
1.208204451	-5.820618943	1.029843807
1.216981437	-7.662195512	1.024333119
1.261326535	-9.023890713	1.041099787
1.228756917	-6.562163736	1.086536407
1.191253428	-5.475485644	1.094889522
1.22429432	-6.558856535	1.100975156
1.231779474	-6.230832622	1.067133307
1.216013159	-6.893753492	1.024266243
1.20619121	-6.208979162	1.027339578
1.214189862	-6.680266135	0.9809485674
1.230227583	-8.001277589	0.9459364414
1.220917392	-7.214900328	0.9597250819
1.203492732	-6.387850734	0.9953725338
1.219691516	-7.715975469	0.9952623248
1.211883265	-6.962928401	1.052086949
1.20181176	-5.015008304	1.056989431
1.231696158	-7.483044651	1.091444731
1.22764038	-7.298352461	1.107535958
1.206155375	-6.114060611	1.126922131
1.216986372	-7.18373818	1.131286263
1.208312301	-6.817578879	1.115010619
1.192244268	-6.419574711	1.120483518
1.226968944	-7.364188417	1.073573112
1.210061206	-5.52337344	1.127282619
1.180413475	-6.157651641	1.176982045
1.208485058	-6.164435331	1.161357522
1.178074587	-5.981886953	1.121592879
1.18633557	-6.121907599	1.164882779
1.214916576	-7.93469594	1.160309076
1.184464092	-5.080638185	1.171120048
1.18156218	-4.15149696	1.206344843
1.15945946	-3.618515525	1.245399237
1.182783242	-4.830730796	1.248429775
1.187077311	-4.034622863	1.223507524
1.191917074	-5.467539572	1.191510797
1.214067305	-5.95709844	1.167800307
1.199313602	-5.531006397	1.209793806
1.215455342	-7.172644186	1.208170891
1.199075522	-5.147223469	1.244932175
1.194349337	-6.931383333	1.219969034
1.204116912	-6.922310471	1.203493834
1.187977147	-6.708923481	1.194373965
1.204469918	-7.015960607	1.203398347
1.179603853	-5.001014713	1.214427948
1.196512772	-5.56190882	1.195847034
1.163393093	-3.552428559	1.198593259
1.183515231	-3.781786589	1.211948514
1.172551026	-3.885926871	1.224995255
1.180967193	-4.428841759	1.217253447
1.155125998	-3.515806057	1.204131007
1.185274482	-4.357019487	1.183093309
1.162637903	-4.821793871	1.169430017
1.178980713	-4.942825235	1.16872704
1.149641759	-3.581903386	1.184576511
1.179472792	-5.072877348	1.162804604
1.149868269	-4.522974592	1.174737453
1.168225317	-4.175163413	1.195050478
1.153125765	-3.900797783	1.208210826
1.170919017	-2.847976057	1.223337889
1.149533385	-3.886748336	1.214771271
1.159343941	-3.993380603	1.224652767
1.154370513	-4.333212548	1.234347224
1.146147566	-3.26188866	1.230022907
1.162894326	-4.727062105	1.198242068
1.157972974	-4.119893816	1.198048711
1.172245822	-3.786174028	1.182006359
1.165767112	-4.393382356	1.186824918
1.166031984	-3.271608007	1.162832499
1.164259409	-4.069814818	1.141420245
1.139648809	-3.095081516	1.138764858
1.159569686	-3.929531086	1.133245587
1.141761601	-3.61644477	1.15336287
1.152050273	-2.695344938	1.156456232
1.151499562	-3.429630579	1.132645369
1.136974363	-1.789405591	1.125300407
1.163461124	-3.588504195	1.130368352
1.136974185	-2.872954848	1.112153888
1.151892144	-3.161776458	1.136400819
1.118191407	-1.667438039	1.158170223
1.137497465	-2.784492548	1.178260207
1.122563693	-2.372321975	1.182557702
1.121836735	-0.6078298281	1.182468057
1.138169145	-1.160839095	1.152047753
1.110446502	-1.066792758	1.173685551
1.116413441	-0.7118052908	1.209499598
1.13270467	-1.315630864	1.202780843
1.131956509	-1.590414239	1.179452777
1.121268594	-1.237653703	1.142127752
1.113295398	-0.3589166874	1.103442192
1.100403068	-0.7104942135	1.111062527
1.114896482	-1.113813438	1.081872582
1.108473091	-1.000739889	1.071701288
1.104526237	-1.029595523	1.078559875
1.099699962	-0.8042359687	1.077091098
1.1121566	-1.237481407	1.073157191
1.129965631	-1.699006469	1.046450615
1.114222807	-0.7861327224	1.040475845
1.117978506	-1.00835523	1.046925068
1.133804265	-2.027706891	1.087195992
1.136388541	-3.216276614	1.091831565
1.065908555	5.450249222	1.108798027
1.119235037	0.387888857	1.117059231
1.138000426	-2.144556112	1.130923867
1.147071783	-2.773016236	1.140269637
1.144413822	-2.154290552	1.152965069
1.135870674	-2.112060722	1.188314438
1.12589252	-1.518417518	1.175604463
1.111805592	-0.4428798355	1.182981133
1.112243296	-0.2877589226	1.158621788
1.128127428	-0.6556250081	1.15908885
1.131379195	-1.367811726	1.150906324
1.135888421	-1.704074968	1.156109571
1.133855104	-1.74386473	1.136258602
1.12099369	-1.326062881	1.120868087
1.123943169	-0.5942123951	1.107680678
1.111047073	0.2259086893	1.11494112
1.108586253	0.251804158	1.094861507
1.132962697	-1.286177481	1.143194318
1.121494527	-0.6369566278	1.136052966
1.125014549	-1.002387516	1.154021144
1.133304614	-1.309885326	1.187615633
1.139555568	-1.200221038	1.16947937
1.136908288	-1.283134132	1.176097035
1.126979913	-0.1229264866	1.122144222
1.113234215	0.4339307436	1.116180062
1.125029525	-0.34300333	1.105450273
1.132065612	-1.183165267	1.107955694
1.124872835	-0.4769161659	1.130207658
1.133934257	-0.6401279105	1.133814096
1.137719869	-0.4958586335	1.1041013
1.128535218	0.0278731703	1.104064822
1.158222814	-1.164337358	1.09508419
1.159223225	-0.116476998	1.08823359
1.159608544	-0.00776162387	1.053964853
1.156015918	-0.01365945096	1.064881682
1.163138653	-0.6128788661	1.03937602
1.167937962	-0.8973163369	1.021395564
1.159165151	0.6141317811	1.037913084
1.151564577	0.7693755779	1.020733476
1.148857783	0.9700650545	1.017552257
1.14012334	1.513142046	1.037945271
1.136193423	2.226388502	1.049382687
1.134485169	1.431386303	1.070743799
1.115600205	2.572743241	1.124329209
1.135325763	1.658051918	1.098121762
1.139598921	2.391642653	1.10175252
1.128940773	3.244873837	1.096469641
1.148786911	1.928230047	1.058594942
1.137224557	3.011008188	1.043299675
1.128013201	2.780712732	1.009290457
1.142488722	3.123499583	0.9755084515
1.14626289	1.791434284	0.9866719842
1.158525223	1.322835755	1.010991454
1.136644426	2.259476291	1.012168169
1.142782155	2.313230916	1.033915281
1.154392402	1.665163355	1.059922218
1.137124377	3.839751208	1.081890583
1.144682631	3.229959115	1.110522389
1.150362562	3.100570895	1.11806953
1.143797911	2.995999476	1.115614772
1.15187927	2.458117737	1.114657164
1.151194	1.800097831	1.107604742
1.157877299	2.423533631	1.097063422
1.175054376	1.41524964	1.082227111
1.162346104	1.960268708	1.062188148
1.145440896	3.418505175	1.041093469
1.147157001	3.903801618	1.026479959
1.135970451	5.098169969	1.016145468
1.137552237	3.402944463	1.034655333
1.135547121	3.159469361	1.055575848
1.133724527	4.178109135	1.056446433
1.133071047	4.345340791	1.056811571
1.153216289	4.124230573	1.031752467
1.150551911	3.579365074	1.011219859
1.159380187	2.046706887	1.037390471
1.165340996	1.607217758	1.051131845
1.167343881	1.645235224	1.049563885
1.182104517	0.4884807531	1.047034383
1.175298074	0.03123974616	1.053999066
1.171594562	0.6069848719	1.049782276
1.143617247	2.275884933	1.042161465
1.167157196	0.743135472	1.046271801
1.173129361	0.257186074	1.053616524
1.161955765	2.108401269	1.048374414
1.130443905	4.532473281	1.021040559
1.139264989	2.583474007	1.02362895
1.14763581	2.185714675	1.023839712
1.14532187	3.843560148	1.027972221
1.133756097	3.932069892	1.031003952
1.153786884	2.958617501	1.01511991
1.164359709	2.8633273	1.022311926
1.140034943	4.224582942	1.028951168
1.140396143	4.666452826	1.066339612
1.136041973	4.197829496	1.083266973
1.119455014	5.025525201	1.088255167
1.115010645	5.342252467	1.077276707
1.128403976	4.037443524	1.069200039
1.138348887	4.804986577	1.090247393
1.142147243	3.548404033	1.069996119
1.126035241	3.766271707	1.041500211
1.136787311	3.252017973	1.002478957
1.128661236	3.968541625	0.9913144708
1.140837177	4.400813061	0.9663357735
1.167480943	1.766736527	0.9467365742
1.165034843	1.258442862	0.9492433667
1.158393935	1.859717405	0.9826428294
1.127329278	5.896700744	0.9890229106
1.143062596	4.389181845	0.9693132639
1.151986914	2.904788572	0.9988657236
1.157954796	2.41543018	1.002722263
1.167311233	1.972920014	1.006940246
1.180244784	0.5367926668	1.010734677
1.177399771	0.8724377156	1.005260348
1.165725626	1.643669542	1.044406891
1.186482854	0.6857161559	1.057652116
1.167216229	1.337878081	1.074113607
1.171803295	2.035616273	1.08534801
1.159857424	3.286957415	1.09204185
1.155677229	2.83283159	1.091320992
1.180377395	1.683779155	1.078347921
1.157765075	2.510831197	1.076869607
1.175618444	2.215466506	1.061300278
1.1879123	1.929449047	1.065595269
1.175542415	2.9781518	1.078368902
1.195109644	1.338925382	1.078847647
1.192402449	2.062459087	1.078100801
1.189468815	1.219065064	1.092377424
1.204503549	0.04064989801	1.074002862
1.200734015	0.2547704982	1.06987524
1.211022409	0.3824968281	1.087430716
1.212610224	0.2707115366	1.104072213
1.207256403	1.301472623	1.126985192
1.20825227	1.024106016	1.159023643
1.210010415	1.846655748	1.184867144
1.183411749	2.501882378	1.166555882
1.182867214	2.728377077	1.191819668
1.205206942	1.270356996	1.187312961
1.204728864	0.7306987924	1.211638451
1.199465347	1.64591705	1.205204368
1.20518461	1.212289075	1.181405663
1.212026984	1.479478469	1.160070658
1.208940629	2.17298084	1.132079244
1.209307124	2.660616899	1.117918253
1.212090213	2.317212961	1.120581627
1.204605208	2.667755632	1.1401788
1.207100247	4.720510467	1.134156823
1.223914703	2.638078255	1.11038363
1.233522152	1.483588027	1.103245735
1.247029844	1.144106851	1.065054178
1.264530625	-0.3557599748	1.074890733
1.266257615	-1.075355227	1.082043767
1.281552139	-2.723902935	1.089799404
1.286907084	-2.832207986	1.080640554
1.29774562	-3.331709889	1.085249305
1.304664554	-3.667569101	1.096364021
1.291559892	-2.187153769	1.093812108
1.278956886	-0.6552585874	1.088820219
1.272308706	0.6160958639	1.097477555
1.258639876	2.245928259	1.10804522
1.246776861	3.226881147	1.138770819
1.230943413	5.067977882	1.147240043
1.242207282	4.759587283	1.184569478
1.228303895	5.61310178	1.173544168
1.199495731	7.308358903	1.193033457
1.197899164	8.696290514	1.211769104
1.208227224	7.372543512	1.25314796
1.21012995	7.36862944	1.280367732
1.236760132	5.844281442	1.315360427
1.228631563	5.860854188	1.271071672
1.214393899	6.733773303	1.270662665
1.214918472	6.815814277	1.245491147
1.233136186	4.9975003	1.220191836
1.221250268	5.482287966	1.182595968
1.2375689	4.868278613	1.201194167
1.234746707	5.236103792	1.165701866
1.230795262	4.688724036	1.137851834
1.233121054	4.353926745	1.076704502
1.235567401	4.440079089	1.090299964
1.235705264	5.399134192	1.115947127
1.231191343	5.131937314	1.141590357
1.241531704	4.189570398	1.150934577
1.240762956	4.065895924	1.196908951
1.249091174	5.075243173	1.214680195
1.24961216	5.014415016	1.222015381
1.24640241	4.575843051	1.234932542
1.248492385	5.153681269	1.303913593
1.237980572	5.208473634	1.352640986
1.231041234	5.432675025	1.372336864
1.246534055	5.255849334	1.366898179
1.248715409	4.550036959	1.349675894
1.219758084	7.140476614	1.337247968
1.225564901	6.084753373	1.33075273
1.239599165	4.679792014	1.323256493
1.251777368	4.101672844	1.345539927
1.25685979	3.502423628	1.374162316
1.240814479	5.209788126	1.411086917
1.235328408	4.801724395	1.408751845
1.247474075	4.904719576	1.387443781
1.256774061	3.753175833	1.367431045
1.245294019	5.088188273	1.37206912
1.229375951	5.658967384	1.337393999
1.239398733	4.498158774	1.299151421
1.234060518	5.009034967	1.293231606
1.240039293	3.173707798	1.300085425
1.25783038	3.309703257	1.286068559
1.237735253	4.209622248	1.333645582
1.258115719	2.256336262	1.369145274
1.25596201	3.855784758	1.380582809
1.258961238	3.405896528	1.352050304
1.267629811	1.762795465	1.327601671
1.266003965	2.071501802	1.311837435
1.270508624	2.817565111	1.294662237
1.261448307	1.60682838	1.292681456
1.262844907	0.8937278204	1.311393976
1.259016937	2.296203823	1.283212066
1.274151378	2.620946576	1.293327689
1.27975583	0.4805878341	1.286197901
1.268304209	0.7446801751	1.287665486
1.267801895	0.3791393472	1.287579179
1.273270319	0.3632124276	1.304088235
1.258808069	2.534623072	1.332730412
1.277050668	1.170593521	1.315742612
1.264791996	0.698163275	1.33025682
1.263094006	1.582793013	1.329264164
1.276173224	0.8250228978	1.304532647
1.273537558	1.844919692	1.309170604
1.257292023	4.862729515	1.3021698
1.25606496	4.785338836	1.316249371
1.274028933	1.455165249	1.312247634
1.295802112	-1.578736719	1.282255054
1.318654149	-2.780983903	1.288734555
1.291480374	-2.028972581	1.301016569
1.292284805	-0.7315435734	1.297644377
1.29587274	-0.3422176328	1.317475677
1.285826852	0.7689327879	1.292060018